1043
1143
139
-211
653
1227
630
-153
152
1031
1043
214
-75
588
1088
641
18
221
919
908
228
64
668
989
515
60
350
891
812
252
135
639
938
535
134
371
825
765
288
188
598
862
580
179
301
770
853
401
104
470
922
710
188
197
716
898
474
129
391
824
759
308
197
601
873
543
168
390
826
739
272
209
635
842
504
191
408
789
696
296
282
643
762
463
264
486
763
612
304
339
664
744
431
231
501
826
629
220
308
749
796
352
192
559
838
560
202
379
796
746
301
184
613
915
544
97
331
864
819
286
158
615
886
535
163
394
832
738
238
191
724
922
409
56
476
951
675
145
250
783
846
378
159
523
870
595
173
324
804
800
302
136
625
974
540
74
350
884
806
263
153
646
939
514
63
384
957
770
128
101
779
1052
448
-88
369
1098
858
27
-10
849
1146
355
-168
473
1202
759
-118
82
1022
1104
187
-190
624
1267
649
-210
136
1123
1100
68
-257
749
1371
523
-369
235
1325
1062
-142
-281
919
1473
412
-503
282
1492
1058
-303
-297
1062
1510
280
-565
395
1567
984
-394
-270
1196
1534
149
-652
498
1686
885
-550
-200
1328
1490
19
-643
612
1684
795
-567
-122
1384
1456
-67
-619
748
1733
647
-680
0
1533
1344
-222
-542
895
1672
503
-635
170
1549
1150
-329
-374
1095
1581
243
-642
420
1626
972
-462
-284
1214
1561
176
-638
494
1645
876
-490
-144
1296
1391
-13
-523
750
1621
622
-552
44
1421
1277
-157
-458
893
1597
450
-588
271
1530
1037
-366
-281
1158
1525
165
-630
519
1701
880
-562
-192
1379
1468
-52
-585
764
1677
606
-610
84
1513
1248
-285
-484
997
1688
393
-710
229
1648
1173
-438
-445
1171
1653
203
-702
437
1709
982
-549
-306
1317
1605
43
-751
580
1802
881
-646
-240
1430
1555
-82
-737
698
1823
739
-749
-127
1581
1509
-253
-740
885
1870
578
-809
8
1675
1391
-353
-650
995
1806
445
-793
145
1734
1256
-507
-535
1233
1788
172
-890
411
1875
1042
-694
-408
1431
1704
-49
-849
648
1867
799
-742
-166
1552
1508
-204
-694
833
1801
592
-743
7
1609
1384
-323
-610
987
1770
443
-741
180
1647
1176
-401
-435
1138
1631
251
-691
377
1667
1009
-484
-299
1240
1529
114
-586
582
1592
762
-471
-24
1338
1287
-104
-441
849
1572
494
-552
200
1451
1083
-219
-259
994
1392
322
-391
417
1374
861
-246
-69
1082
1258
172
-347
590
1414
705
-325
75
1195
1133
48
-210
755
1300
515
-293
272
1250
972
-112
-155
928
1310
370
-333
369
1306
913
-152
-106
972
1268
292
-330
480
1350
817
-248
-26
1112
1229
133
-325
625
1376
690
-289
80
1155
1152
79
-288
679
1371
589
-333
176
1244
1067
-22
-224
779
1322
527
-279
232
1199
1007
11
-116
775
1190
490
-143
305
1080
890
96
15
760
1084
439
-73
393
1035
775
78
127
792
956
372
53
472
920
665
177
277
740
822
395
151
519
897
615
130
287
815
821
316
152
577
881
570
170
350
792
744
306
212
627
853
493
175
412
789
692
334
271
546
756
615
333
343
614
701
483
348
477
648
572
393
427
625
603
440
404
504
604
579
455
418
530
588
520
473
504
504
489
528
535
505
481
497
530
554
522
470
487
549
549
473
476
577
563
451
450
570
580
484
425
493
577
569
473
452
523
569
515
469
487
564
519
438
508
604
532
423
476
568
558
489
458
502
571
520
459
520
586
501
427
495
584
526
444
478
551
525
486
518
531
477
477
548
567
491
433
499
605
579
430
379
541
673
555
338
396
684
675
381
318
598
718
483
279
440
719
659
346
274
586
788
535
238
360
717
742
395
237
520
791
612
263
320
712
755
363
212
596
829
521
226
381
746
732
374
217
526
805
601
263
342
702
740
370
231
588
814
509
197
403
785
735
329
229
583
820
542
229
403
743
672
345
326
621
711
456
305
486
704
618
353
337
620
735
490
283
445
680
642
396
342
549
680
514
374
487
635
591
419
380
571
682
522
342
465
645
579
427
441
557
569
473
458
556
596
477
409
522
622
535
402
451
588
580
459
444
542
574
497
467
503
545
529
474
494
557
536
462
467
553
572
472
413
541
610
493
407
511
616
534
419
438
571
611
490
399
502
607
553
457
442
514
568
533
467
464
536
570
508
444
508
588
528
419
459
607
577
419
407
564
637
498
360
449
620
619
443
371
536
685
531
336
448
672
626
376
327
568
719
552
319
386
645
693
445
324
504
653
561
411
435
580
591
467
416
505
616
561
398
404
608
679
480
353
466
647
609
453
387
501
611
575
461
417
518
613
515
399
484
623
556
425
442
557
597
521
424
450
557
578
490
453
510
543
527
518
514
497
506
524
501
500
553
563
465
422
564
638
498
361
463
644
600
423
387
562
641
511
384
445
635
626
379
344
619
721
462
270
486
730
609
335
338
623
737
466
273
494
746
602
319
