#8
0
636
53
-39
-917
-349
783
555
-504
-918
131
995
288
-890
-664
631
938
-257
-1055
-164
1010
578
-781
-892
431
1081
13
-1071
-439
902
811
-568
-1031
157
1088
280
-948
-645
685
913
-310
-1029
-109
977
516
-755
-826
407
986
4
-988
-417
812
748
-517
-972
112
1013
290
-910
-682
613
920
-254
-1040
-191
954
551
-773
-892
399
1036
-9
-1061
-440
853
756
-572
-1007
148
1049
262
-966
-681
674
936
-313
-1086
-145
1021
552
-823
-913
441
1091
-6
-1107
-454
918
812
-610
-1070
165
1122
272
-1028
-703
726
982
-344
-1134
-124
1060
531
-847
-883
459
1048
-42
-1069
-405
888
753
-591
-1001
172
1063
266
-966
-665
688
948
-308
-1078
-129
1029
548
-807
-876
454
1076
2
-1067
-427
914
815
-577
-1028
193
1122
272
-991
-647
750
960
-342
-1073
-81
1053
524
-824
-838
501
1051
-57
-1056
-357
925
744
-617
-993
227
1108
227
-1025
-640
777
962
-390
-1117
-47
1106
495
-900
-839
574
1078
-127
-1109
-313
985
719
-678
-977
273
1083
194
-980
-589
736
893
-361
-1031
-68
1007
499
-798
-832
458
1027
-44
-1052
-382
898
738
-612
-985
207
1059
214
-989
-637
716
921
-365
-1089
-95
1032
486
-857
-857
486
1026
-91
-1076
-369
897
710
-622
-980
199
1042
210
-975
-628
702
895
-355
-1059
-89
1022
496
-841
-850
493
1042
-89
-1086
-354
940
712
-671
-988
259
1070
152
-1016
-571
767
868
-428
-1050
-27
1020
441
-839
-801
483
983
-87
-1022
-344
874
692
-607
-953
220
1058
210
-992
-624
750
930
-386
-1088
-36
1090
475
-897
-828
578
1075
-131
-1115
-302
1016
736
-702
-989
320
1136
167
-1041
-574
821
928
-418
-1071
2
1088
456
-878
-796
571
1042
-130
-1073
-293
971
696
-686
-966
314
1111
137
-1060
-556
839
895
-468
-1059
46
1075
397
-893
-736
591
983
-174
-1035
-233
939
623
-672
-891
308
1032
134
-967
-527
749
837
-400
-996
2
1005
417
-839
-759
535
985
-142
-1045
-286
926
654
-669
-927
288
1038
121
-1011
-547
783
848
-466
-1051
29
1030
358
-898
-738
572
944
-206
-1041
-248
911
597
-682
-892
292
987
90
-969
-505
744
790
-449
-985
39
990
339
-878
-702
587
929
-228
-1038
-198
944
567
-726
-876
351
1001
43
-998
-465
790
772
-489
-985
62
1000
343
-873
-726
557
953
-176
-1045
-269
932
638
-687
-932
311
1054
109
-1022
-521
812
848
-468
-1032
47
1052
389
-883
-738
595
991
-180
-1046
-233
964
646
-673
-895
322
1041
127
-962
-503
773
839
-406
-983
22
1012
405
-825
-717
543
952
-140
-995
-247
908
612
-652
-849
324
982
78
-935
-447
754
748
-440
-904
79
939
311
-793
-623
545
857
-183
-921
-183
858
551
-626
-812
295
962
109
-918
-480
734
789
-413
-953
37
981
361
-842
-699
561
921
-196
-996
-205
901
565
-680
-846
333
973
40
-975
-445
784
738
-506
-958
89
967
288
-872
-674
565
893
-219
-1001
-214
884
556
-672
-846
302
944
64
-935
-461
731
740
-443
-921
64
936
301
-824
-638
550
850
-214
-943
-189
849
529
-643
-811
293
919
70
-910
-458
711
736
-425
-925
33
939
351
-828
-712
531
930
-170
-1019
-244
916
603
-689
-880
338
1009
61
-986
-459
797
782
-472
-965
82
995
326
-855
-658
605
909
-223
-977
-154
925
553
-670
-810
359
985
66
-945
-433
790
782
-451
-955
81
1007
355
-845
-681
593
939
-201
-1003
-192
929
570
-674
-816
344
952
59
-908
-425
732
732
-404
-889
40
910
350
-747
-645
485
846
-126
-888
-227
813
567
-585
-800
281
937
100
-901
-463
733
770
-425
-933
59
958
327
-825
-654
556
873
-202
-952
-195
861
537
-648
-809
309
908
39
-907
-419
714
687
-454
-889
56
891
290
-793
-645
504
832
-188
-932
-218
823
534
-629
-805
278
900
64
-893
-444
689
707
-417
-881
39
877
303
-754
-621
484
810
-153
-886
-232
778
545
-565
-792
222
873
120
-840
-476
638
724
-368
-892
8
894
336
-784
-666
519
875
-183
-963
-213
874
552
-656
-811
331
939
40
-917
-409
750
713
-456
-900
97
948
301
-816
-620
574
867
-205
-932
-158
888
547
-653
-797
348
968
62
-927
-422
782
757
-456
-925
94
980
318
-835
-636
593
897
-216
-973
-173
900
553
-653
-804
321
937
65
-896
-430
728
744
-416
-909
56
947
345
-799
-661
540
893
-173
-960
-204
894
571
-663
-826
345
964
42
-941
-415
771
729
-469
-914
96
946
285
-827
-621
566
841
-226
-934
-171
856
518
-655
-796
315
897
39
-893
-428
691
687
-428
-886
45
880
289
-800
-634
532
824
-229
-941
-173
855
497
-668
-790
325
903
26
-912
-417
720
705
-439
-898
46
904
329
-775
-664
491
866
-145
-947
-256
841
591
-620
-858
259
951
111
-922
-493
710
762
-428
-938
58
953
301
-844
-650
578
874
-232
-976
-181
888
533
-667
-802
328
931
56
-905
-429
728
735
-432
-908
70
945
321
-802
-631
556
879
-180
-932
-187
888
575
-634
-812
327
971
84
-924
-437
774
771
-446
-935
85
993
338
-836
-661
584
912
-191
-975
-202
896
590
-635
-847
288
979
118
-927
-491
747
811
-418
-975
43
1005
375
-850
-703
574
945
-192
-1009
-193
934
564
-699
-811
389
962
-3
-946
-364
801
694
-510
-887
149
945
238
-846
-579
606
825
-272
-943
-123
891
487
-704
-778
368
914
-9
-932
-393
764
693
-520
-930
122
959
246
-888
-623
617
852
-292
-987
-128
917
480
-740
-795
393
935
-29
-959
-374
797
689
-524
-923
130
982
272
-878
-640
611
892
-265
-1029
-160
963
545
-757
-868
401
1021
-3
-1030
-422
848
744
-561
-966
157
1006
231
-911
-598
656
852
-312
-982
-94
938
481
-743
-789
421
963
-25
-976
-368
830
714
-535
-925
164
1004
260
-883
-612
653
891
-276
-982
-95
969
504
-748
-780
461
980
-48
-978
-321
869
690
-572
-901
227
1011
197
-914
-551
709
860
-359
-1004
-42
1015
472
-824
-812
506
1037
-80
-1073
-344
956
738
-656
-979
284
1102
171
-1018
-571
788
898
-408
-1052
-14
1048
451
-846
-774
527
989
-110
-1017
-309
886
684
-590
-922
201
1007
221
-918
-601
668
870
-318
-1001
-103
950
486
-762
-808
416
964
-40
-998
-378
823
679
-572
-918
186
962
172
-915
-554
672
799
-379
-976
-29
949
400
-807
-743
484
922
-123
-988
-292
858
630
-630
-899
264
1009
132
-973
-535
768
839
-452
-1045
21
1042
387
-897
-762
576
981
-187
-1060
-257
933
623
-675
-891
296
979
93
-939
-481
734
771
-426
-955
19
965
384
-817
-724
521
944
-138
-1000
-264
905
633
-642
-881
291
1014
139
-941
-506
760
831
-410
-974
44
1015
389
-832
-708
560
951
-145
-987
-240
901
621
-629
-853
296
990
128
-921
-485
745
805
-413
-964
39
1012
378
-865
-712
594
952
-206
-1025
-188
958
580
-706
-846
380
1013
44
-978
-427
809
771
-475
-944
91
980
332
-821
-660
550
894
-161
-951
-222
871
590
-631
-848
286
979
121
-934
-501
737
800
-419
-971
23
976
370
-837
-723
532
935
-163
-1025
-286
898
632
-657
-922
260
1012
131
-980
-543
739
820
-419
-1001
1
975
370
-840
-719
533
916
-180
-998
-229
900
576
-687
-862
345
1000
37
-989
-433
811
742
-522
-950
135
983
242
-892
-607
632
849
-298
-974
-110
910
478
-716
-776
381
916
-11
-929
-382
767
693
-489
-904
107
954
290
-844
-639
591
884
-231
-979
-161
921
535
-694
-793
389
964
12
-947
-373
818
724
-505
-895
159
975
266
-839
-593
610
871
-230
-942
-138
909
526
-678
-786
377
965
34
-934
-393
790
727
-493
-912
150
988
252
-884
-593
657
854
-309
-949
-66
924
449
-718
-720
433
905
-51
-910
-309
786
646
-502
-842
156
914
243
-796
-567
567
806
-226
-895
-128
856
486
-671
-757
379
918
-14
-934
-360
788
674
-521
-885
149
948
236
-867
-606
603
836
-287
-968
-116
889
452
-725
-768
390
902
-38
-935
-357
768
641
-529
-866
163
912
184
-854
-544
615
773
-315
-909
-57
873
389
-730
-682
448
844
-119
-890
-241
774
533
-562
-758
237
834
86
-813
-434
626
677
-359
-840
-3
831
350
-698
-659
409
820
-75
-862
-293
741
586
-523
-809
198
892
152
-836
-490
645
753
-339
-884
-17
878
378
-712
-653
462
850
-103
-870
-235
796
574
-535
-769
238
893
147
-816
-463
651
757
-319
-870
-20
877
397
-698
-664
448
867
-78
-883
-263
792
596
-549
-799
245
903
120
-843
-451
666
725
-358
-849
19
860
347
-695
-615
449
809
-109
-842
-225
760
552
-524
-766
213
873
163
-807
-493
629
766
-317
-890
-28
887
387
-736
-678
470
864
-130
-912
-241
808
567
-584
-804
248
894
102
-865
-463
656
705
-379
-871
-10
840
339
-722
-658
428
810
-113
-873
-265
744
546
-537
-789
198
854
129
-821
-478
611
703
-337
-842
-8
813
321
-686
-597
434
755
-133
-805
-213
698
488
-508
-707
204
779
100
-750
-420
569
643
-316
-793
-19
785
337
-668
-627
418
801
-108
-858
-243
762
542
-555
-767
255
869
87
-844
-421
678
700
-382
-849
43
871
319
-727
-598
501
817
-153
-855
-176
791
527
-545
-728
265
861
112
-799
-418
650
711
-340
-830
21
858
348
-694
-613
466
822
-117
-851
-215
765
528
-530
-717
245
810
96
-755
-393
589
645
-306
-756
-9
763
344
-608
-587
382
764
-60
-780
-254
700
548
-481
-738
209
842
128
-796
-438
640
700
-358
-828
41
845
293
-722
-571
493
763
-184
-837
-162
757
468
-567
-699
268
795
43
-786
-375
610
614
-376
-790
26
794
281
-710
-597
453
770
-161
-863
-218
762
517
-561
-769
226
841
102
-814
-447
609
679
-337
-811
-17
782
331
-646
-603
381
750
-77
-790
-261
670
533
-467
-733
155
784
148
-725
-454
531
664
-288
-793
-29
781
331
-675
-617
428
787
-124
-846
-224
747
514
-541
-724
243
812
88
-769
-397
600
646
-323
-767
13
782
313
-638
-556
418
736
-97
-756
-200
699
514
-473
-691
214
815
139
-746
-424
607
701
-308
-813
0
845
369
-679
-633
440
832
-85
-856
-248
758
569
-499
-756
187
840
172
-757
-483
564
732
-252
-831
-74
816
422
-638
-669
378
830
-35
-835
-285
736
580
-503
-767
220
867
129
-818
-448
645
717
-345
-840
6
831
333
-691
-605
438
774
-122
-827
-221
732
509
-534
-728
227
801
85
-777
-415
584
634
-348
-809
-7
787
304
-689
-601
426
755
-157
-844
-195
758
481
-598
-741
288
838
30
-844
-388
678
656
-416
-842
45
851
306
-727
-615
463
804
-138
-883
-245
789
572
-575
-826
227
915
135
-874
-494
670
752
-386
-910
13
901
326
-782
-636
514
825
-190
-898
-181
802
491
-592
-721
286
821
58
-791
-376
637
641
-370
-787
57
813
286
-677
-540
459
745
-134
-786
-166
749
497
-529
-692
276
835
72
-786
-368
666
657
-384
-799
75
843
282
-711
-548
507
769
-185
-842
-158
786
500
-575
-736
280
869
79
-840
-416
694
711
-407
-873
72
921
310
-786
-615
549
845
-195
-904
-154
849
494
-637
-721
360
869
-2
-849
-332
712
625
-436
-793
98
831
250
-721
-548
489
749
-182
-831
-167
764
478
-577
-720
264
812
52
-810
-407
625
647
-390
-826
38
817
266
-729
-570
476
740
-203
-836
-147
761
429
-612
-683
324
791
-18
-816
-334
671
601
-438
-799
90
832
250
-746
-566
513
773
-214
-880
-150
816
468
-648
-738
342
863
-6
-880
-356
726
627
-484
-817
144
853
179
-781
-493
573
709
-293
-833
-57
795
386
-633
-647
363
802
-30
-811
-303
687
592
-437
-769
125
833
240
-725
-527
531
768
-199
-834
-121
812
467
-605
-687
347
839
11
-807
-315
700
614
-444
-774
155
854
206
-753
-490
569
740
-257
-838
-77
829
434
-652
-699
379
866
-30
-873
-309
771
620
-520
-815
204
911
173
-837
-501
647
774
-329
-891
-31
874
388
-698
-650
429
819
-84
-834
-249
736
558
-504
-767
186
856
177
-792
-511
581
752
-279
-867
-77
832
408
-672
-696
371
837
-39
-870
-331
724
597
-513
-816
161
853
160
-803
-498
580
706
-318
-851
-42
816
352
-691
-644
412
793
-110
-857
-255
750
557
-548
-804
216
899
143
-859
-498
661
754
-373
-907
4
892
332
-774
-650
497
834
-172
-909
-204
804
517
-592
-761
254
846
84
-809
-424
628
670
-360
-831
4
829
344
-691
-635
429
815
-96
-854
-248
760
566
-529
-779
217
877
156
-801
-467
634
750
-312
-856
-6
869
379
-695
-633
457
831
-97
-840
-226
767
555
-526
-743
244
859
122
-784
-424
632
691
-342
-826
27
865
328
-738
-613
506
819
-180
-878
-159
831
502
-624
-735
342
886
33
-860
-373
718
672
-425
-832
82
863
276
-730
-564
503
774
-185
-841
-149
800
485
-602
-740
308
878
49
-868
-397
709
675
-448
-863
90
890
260
-797
-603
535
805
-230
-919
-158
835
471
-667
-761
338
870
-4
-884
-377
700
637
-460
-831
95
848
234
-769
-566
521
763
-229
-867
-131
810
444
-654
-717
367
854
-42
-870
-307
732
582
-503
-776
178
823
134
-776
-453
576
673
-303
-798
-43
763
356
-617
-622
338
752
-34
-774
-298
640
562
-423
-753
114
812
214
-743
-522
536
743
-234
-835
-98
798
426
-622
-670
363
837
-11
-830
-309
723
619
-458
-773
164
845
205
-734
-487
554
732
-230
-800
-84
781
419
-590
-632
349
787
-11
-775
-290
676
583
-441
-752
167
833
168
-766
-458
589
686
-307
-775
15
774
303
-628
-538
424
723
-118
-761
-185
700
488
-482
-680
202
781
147
-712
-442
538
678
-253
-774
-53
770
374
-623
-629
383
787
-71
-821
-263
710
546
-491
-748
179
813
143
-770
-470
567
676
-313
-813
-36
762
325
-646
-609
372
738
-88
-795
-257
666
518
-475
-728
154
776
149
-734
-470
532
663
-285
-778
-27
754
306
-643
-567
410
716
-135
-773
-180
677
436
-506
-647
223
721
59
-705
-358
546
563
-323
-705
15
700
275
-593
-545
360
690
-81
-738
-225
643
477
-463
-666
199
752
101
-720
-385
568
613
-318
-734
28
746
283
-623
-529
426
713
-120
-748
-167
702
469
-483
-641
245
757
91
-702
-366
576
627
-298
-727
19
752
309
-610
-541
405
723
-90
-750
-210
671
494
-461
-653
210
735
93
-683
-354
540
579
-286
-682
8
693
288
-563
-505
376
664
-96
-701
-179
642
456
-445
-639
186
738
134
-680
-406
523
631
-260
-731
-27
728
316
-609
-554
392
709
-114
-750
-187
665
449
-480
-636
212
707
62
-689
-358
515
552
-298
-681
-7
647
254
-565
-505
339
633
-91
-697
-229
585
459
-413
-652
129
690
131
-657
-409
480
581
-260
-689
-22
655
262
-552
-478
345
606
-106
-648
-170
560
397
-400
-575
145
622
97
-594
-353
441
522
-240
-639
-29
630
282
-547
-526
337
668
-79
-720
-216
626
458
-457
-639
200
713
82
-679
-352
532
569
-301
-689
21
705
272
-583
-495
401
668
-117
-692
-144
658
433
-463
-600
244
721
78
-667
-331
554
582
-294
-685
32
712
277
-578
-496
394
677
-98
-688
-176
620
434
-421
-580
181
648
100
-593
-339
450
535
-211
-615
-38
618
307
-481
-492
298
627
-32
-630
-207
567
450
-388
-605
169
699
116
-654
-375
515
591
-273
-691
14
697
263
-592
-497
391
651
-134
-702
-152
630
406
-469
-603
215
677
37
-666
-325
517
522
-319
-678
6
664
250
-587
-513
359
638
-128
-713
-183
623
421
-466
-630
188
688
75
-680
-367
512
562
-288
-678
-5
653
264
-544
-489
334
617
-84
-658
-203
571
430
-407
-616
144
668
114
-635
-385
472
569
-264
-695
-19
685
284
-595
-526
386
674
-135
-732
-161
657
411
-487
-595
237
677
35
-657
-297
531
521
-314
-646
48
669
229
-563
-441
401
618
-135
-659
-117
639
414
-455
-585
241
715
70
-679
-332
573
590
-316
-702
41
739
283
-609
-515
416
698
-112
-727
-170
661
452
-451
-625
188
703
112
-648
-377
505
601
-253
-699
-20
709
321
-566
-535
365
692
-75
-716
-191
646
452
-460
-619
238
722
54
-689
-316
562
546
-328
-661
65
680
209
-583
-445
397
611
-146
-672
-135
612
386
-467
-586
220
660
33
-659
-323
513
519
-323
-684
23
685
230
-611
-503
390
639
-153
-726
-157
646
403
-511
-631
238
710
32
-713
-342
554
557
-325
-702
12
693
276
-587
-535
355
687
-83
-747
-243
647
493
-466
-707
165
767
132
-725
-435
536
633
-293
-752
-10
732
279
-634
-534
412
683
-145
-743
-168
661
432
-483
-630
221
716
76
-681
-351
540
578
-303
-692
29
713
270
-591
-491
403
674
-108
-705
-168
669
466
-464
-636
226
754
96
-693
-349
578
596
-321
-705
57
745
260
-619
-495
432
687
-142
-736
-153
685
452
-483
-647
221
747
87
-707
-365
578
613
-329
-736
48
768
275
-644
-518
450
707
-161
-759
-124
716
410
-537
-594
310
714
-20
-707
-255
605
507
-387
-657
111
696
180
-616
-430
441
606
-204
-695
-80
661
344
-526
-574
275
681
-3
-695
-304
555
517
-375
-692
77
711
190
-658
-473
445
625
-216
-728
-96
675
350
-548
-592
291
689
-27
-716
-281
588
516
-385
-697
84
729
212
-655
-489
454
673
-200
-774
-115
726
390
-587
-641
314
757
-18
-775
-312
632
542
-411
-703
120
726
153
-664
-424
481
609
-240
-711
-60
675
335
-541
-562
307
688
-26
-692
-254
594
504
-386
-659
126
723
180
-642
-427
488
644
-207
-709
-61
710
368
-544
-562
338
718
-28
-708
-232
632
506
-410
-651
170
732
141
-658
-384
520
607
-262
-707
-18
726
333
-588
-571
369
736
-66
-755
-230
674
513
-461
-679
200
776
125
-708
-401
552
631
-282
-726
-3
719
297
-574
-505
370
655
-94
-676
-173
615
444
-427
-623
171
700
117
-658
-390
503
602
-267
-722
-29
705
308
-587
-562
344
691
-80
-740
-238
630
461
-472
-668
179
710
86
-689
-385
507
561
-298
-696
4
679
252
-589
-510
361
646
-114
-714
-186
637
447
-480
-667
197
753
104
-730
-402
576
627
-346
-781
26
784
278
-688
-568
449
736
-166
-808
-170
715
450
-534
-666
240
739
52
-717
-350
563
576
-338
-723
31
742
275
-638
-542
421
715
-127
-761
-174
694
458
-506
-651
249
764
76
-721
-349
596
605
-334
-708
74
756
249
-633
-481
458
686
-162
-723
-115
694
417
-501
-601
273
728
46
-690
-306
584
559
-344
-688
91
744
215
-660
-469
487
668
-209
-741
-70
719
361
-552
-561
340
702
-44
-703
-239
611
500
-389
-639
132
696
164
-601
-401
444
591
-191
-664
-70
655
353
-515
-569
291
703
0
-713
-291
598
537
-386
-694
102
730
192
-658
-474
456
648
-208
-750
-112
682
360
-552
-601
281
686
-17
-705
-289
563
496
-371
-659
84
673
171
-631
-451
433
619
-203
-712
-90
671
345
-551
-579
317
705
-48
-727
-246
616
474
-431
-648
162
701
108
-668
-386
498
572
-274
-685
-23
655
287
-531
-514
296
621
-40
-638
-232
537
446
-364
-605
125
670
145
-626
-405
476
606
-233
-705
-45
704
334
-569
-549
360
711
-60
-720
-210
654
494
-431
-637
195
738
140
-657
-395
508
626
-222
-692
-39
697
340
-535
-535
328
686
-24
-674
-229
591
474
-397
-616
172
700
108
-649
-354
516
563
-284
-659
31
666
245
-543
-444
370
599
-110
-626
-140
575
395
-399
-554
171
640
112
-584
-352
442
543
-214
-626
-38
619
291
-507
-490
316
620
-71
-650
-190
567
411
-410
-579
172
643
75
-631
-343
479
517
-288
-653
4
621
226
-542
-461
335
581
-119
-654
-170
571
387
-436
-585
183
647
61
-641
-339
489
526
-290
-651
19
643
220
-573
-454
390
600
-158
-666
-114
599
345
-462
-537
222
603
14
-604
-270
476
452
-302
-589
38
591
216
-509
-450
312
577
-79
-616
-181
532
383
-391
-542
175
604
60
-590
-293
473
482
-282
-591
45
613
213
-517
-413
362
574
-115
-596
-112
567
362
-389
-501
200
606
75
-563
-293
464
512
-233
-589
16
611
250
-489
-429
332
587
-77
-600
-141
557
366
-406
-508
221
603
20
-585
-246
492
450
-293
-556
68
584
193
-482
-382
329
529
-92
-555
-131
509
357
-353
-507
154
596
104
-556
-329
435
514
-226
-595
-7
600
241
-507
-437
337
570
-111
-617
-142
543
346
-419
-521
200
591
18
-596
-270
468
437
-310
-578
45
582
170
-539
-420
345
548
-143
-633
-146
556
354
-435
-548
187
603
36
-608
-301
469
473
-297
-598
52
597
169
-529
-379
358
515
-148
-579
-103
512
306
-388
-479
166
528
43
-515
-264
396
415
-238
-528
11
536
198
-478
-413
311
536
-107
-591
-141
530
343
-402
-501
197
573
24
-554
-237
455
422
-277
-531
64
561
176
-480
-356
352
515
-128
-552
-85
531
333
-372
-470
195
581
65
-542
-267
462
482
-251
-567
42
601
223
-492
-402
347
553
-109
-577
-112
533
327
-377
-454
191
520
26
-495
-224
403
404
-219
-487
19
509
212
-409
-367
267
492
-59
-507
-141
470
341
-338
-473
168
565
61
-544
-272
449
461
-255
-546
40
558
187
-471
-373
308
495
-103
-541
-122
486
311
-365
-464
167
517
22
-522
-248
407
394
-268
-533
31
537
163
-508
-391
337
512
-162
-605
-103
548
307
-445
-507
217
578
-6
-592
-245
467
420
-299
-541
60
534
146
-464
-342
309
459
-123
-518
-112
467
302
-359
-471
154
527
47
-529
-273
412
434
-251
-553
31
565
186
-514
-406
337
535
-129
-592
-121
527
319
-393
-470
196
534
21
-510
-221
411
385
-248
-478
56
501
155
-424
-305
313
449
-110
-477
-71
470
293
-334
-410
189
511
35
-481
-201
426
396
-252
-482
78
536
155
-462
-325
346
485
-136
-530
-76
502
293
-358
-428
183
506
39
-483
-240
391
425
-208
-515
6
538
235
-440
-410
290
528
-76
-552
-132
512
343
-376
-477
211
570
11
-554
-213
472
404
-292
-509
79
526
140
-461
-323
324
455
-135
-515
-84
473
271
-368
-435
182
493
9
-497
-234
380
375
-246
-503
19
497
160
-458
-365
295
464
-143
-548
-93
501
274
-412
-464
206
537
-11
-556
-236
450
412
-285
-545
39
547
188
-477
-393
309
523
-102
-593
-156
536
366
-406
-546
168
603
66
-589
-311
460
473
-290
-593
59
600
158
-550
-374
393
521
-189
-601
-71
558
301
-429
-478
224
567
20
-561
-248
465
443
-285
-555
69
594
182
-503
-374
359
538
-118
-574
-97
556
343
-397
-474
230
581
22
-542
-215
469
426
-285
-523
90
582
162
-500
-347
376
521
-149
-569
-83
544
328
-396
-490
203
582
45
-553
-266
451
462
-249
-551
40
576
205
-477
-390
330
529
-111
-556
-96
527
301
-404
-438
242
535
-32
-543
-178
485
386
-330
-520
110
574
129
-527
-348
380
503
-178
-587
-68
563
286
-457
-475
246
558
-35
-595
-227
480
406
-347
-571
97
582
115
-553
-361
377
488
-198
-586
-67
536
267
-441
-465
229
533
-24
-560
-219
463
404
-314
-553
68
576
172
-517
-399
349
531
-153
-606
-93
554
299
-456
-486
256
563
-51
-596
-197
512
378
-373
-528
158
565
55
-548
-281
428
448
-258
-562
17
567
215
-487
-425
314
558
-89
-592
-151
531
368
-376
-517
173
594
84
-548
-300
448
503
-226
-581
11
613
259
-490
-430
332
575
-77
-577
-134
538
372
-368
-504
176
588
75
-539
-280
447
474
-244
-567
24
600
235
-500
-439
332
589
-89
-622
-152
573
386
-410
-534
206
625
62
-591
-295
479
501
-264
-588
38
601
208
-497
-387
345
526
-118
-567
-114
530
344
-378
-510
164
582
86
-547
-319
421
488
-229
-585
-16
570
243
-482
-454
279
555
-72
-607
-194
510
373
-380
-543
133
571
78
-555
-321
401
452
-233
-557
-5
531
200
-471
-401
288
498
-106
-562
-138
499
331
-399
-515
187
591
41
-588
-282
469
462
-301
-592
53
601
176
-541
-409
365
542
-156
-613
-104
553
314
-429
-489
209
554
10
-549
-243
441
421
-278
-549
43
571
192
-500
-406
338
551
-116
-602
-125
557
354
-407
-507
205
602
56
-563
-265
474
477
-273
-560
82
612
183
-511
-370
373
530
-131
-554
-68
537
296
-402
-434
246
549
-9
-535
-192
480
397
-316
-527
121
596
131
-552
-358
414
541
-192
-608
-39
599
284
-471
-459
300
590
-48
-598
-183
532
409
-344
-529
122
579
133
-503
-330
367
483
-158
-541
-61
525
280
-418
-451
243
555
-24
-570
-202
485
386
-336
-523
115
557
108
-526
-347
369
492
-184
-591
-89
531
286
-425
-481
202
537
1
-555
-249
434
407
-291
-544
56
548
149
-513
-380
342
506
-165
-591
-79
561
286
-473
-493
280
598
-56
-633
-207
543
402
-393
-563
151
595
71
-571
-313
426
470
-240
-572
-14
546
234
-453
-430
256
517
-48
-543
-179
460
358
-329
-507
125
563
95
-532
-309
409
471
-216
-557
-7
555
235
-460
-413
309
556
-77
-576
-138
543
380
-371
-502
183
599
84
-538
-283
440
484
-217
-549
14
571
231
-455
-394
313
537
-77
-547
-129
507
345
-374
-482
199
577
41
-557
-257
459
448
-271
-540
61
575
183
-483
-364
341
510
-120
-550
-97
518
324
-365
-471
169
551
77
-513
-283
402
451
-215
-532
12
547
214
-464
-400
305
525
-95
-563
-124
505
320
-386
-473
188
542
22
-555
-259
440
418
-294
-553
55
543
143
-497
-374
319
486
-139
-556
-113
487
292
-382
-460
175
510
19
-523
-247
406
398
-262
-512
53
524
139
-482
-327
356
460
-184
-531
-33
500
224
-408
-392
223
467
-42
-484
-170
403
324
-270
-443
66
460
123
-415
-318
265
430
-93
-481
-109
432
282
-328
-421
160
482
29
-472
-210
391
374
-232
-462
45
487
168
-411
-326
297
468
-99
-488
-81
480
301
-335
-411
190
512
51
-470
-234
400
432
-198
-494
14
515
216
-404
-357
282
489
-71
-497
-107
461
290
-334
-394
198
468
-13
-462
-155
406
321
-259
-409
96
454
107
-392
-256
291
385
-119
-424
-44
417
234
-308
-359
170
459
38
-449
-218
372
382
-214
-458
46
484
141
-423
-298
306
412
-142
-462
-42
429
215
-339
-356
185
419
-28
-443
-164
358
298
-253
-412
54
410
99
-390
-286
248
372
-115
-436
-86
381
228
-304
-368
136
409
9
-422
-193
331
312
-215
-405
45
402
99
-367
-248
263
340
-132
-398
-42
370
193
-297
-329
145
372
2
-384
-178
298
292
-188
-396
12
412
154
-376
-327
243
427
-85
-474
-103
424
262
-327
-384
177
448
-1
-443
-175
369
326
-234
-409
78
444
108
-390
-245
308
379
-139
-407
-3
425
196
-325
-301
227
420
-34
-423
-119
409
309
-265
-401
118
467
94
-410
-242
332
393
-154
-436
-11
437
197
-332
-311
204
393
-33
-401
-129
353
290
-208
-370
57
403
127
-333
-252
248
368
-90
-396
-58
394
230
-307
-357
182
455
4
-451
-183
387
347
-235
-435
63
457
117
-397
-267
286
378
-129
-428
-52
401
215
-322
-353
176
408
-29
-431
-160
346
279
-249
-400
62
406
78
-395
-255
274
343
-157
-430
-38
397
186
-342
-350
181
409
-35
-438
-157
353
287
-236
-382
57
378
91
-330
-228
224
308
-89
-352
-81
313
209
-246
-332
100
367
36
-366
-189
290
295
-199
-387
46
410
99
-390
-261
290
367
-157
-436
-28
415
178
-338
-304
209
383
-55
-402
-110
361
262
-250
-359
113
413
66
-373
-208
301
351
-138
-389
-7
405
202
-304
-307
199
413
-12
-396
-125
375
297
-240
-379
104
444
95
-387
-232
307
372
-132
-405
-25
396
207
-279
-313
149
380
16
-370
-157
319
310
-188
-384
53
426
133
-369
-268
274
391
-112
-427
-40
423
209
-344
-326
236
437
-69
-457
-98
424
275
-301
-382
144
438
43
-407
-211
310
342
-167
-413
-14
409
184
-340
-331
195
397
-48
-428
-147
348
283
-248
-410
58
413
86
-398
-261
277
351
-160
-428
-29
403
177
-350
-337
199
399
-53
-440
-148
360
290
-238
-397
51
404
126
-353
-280
227
372
-83
-420
-94
382
241
-304
-374
145
428
11
-439
-193
361
330
-248
-433
73
454
86
-430
-253
322
375
-180
-451
-14
430
183
-339
-317
206
394
-42
-405
-123
366
278
-248
-375
102
431
87
-377
-225
301
364
-134
-394
-8
420
201
-313
-301
218
407
-40
-396
-83
385
245
-273
-335
159
427
38
-389
-185
328
342
-168
-402
-3
415
201
-313
-331
173
420
11
-423
-181
370
351
-225
-438
68
487
142
-423
-303
311
442
-122
-472
-49
454
227
-353
-343
231
437
-47
-436
-118
393
293
-261
-393
95
435
94
-392
-257
279
374
-131
-433
-48
411
205
-338
-349
180
405
-27
-432
-158
355
282
-272
-415
88
426
57
-415
-227
297
316
-197
-407
19
398
118
-372
-283
241
368
-99
-424
-95
377
253
-284
-389
110
439
66
-428
-260
323
387
-188
-486
-15
476
189
-420
-373
264
472
-94
-523
-124
461
289
-354
-428
169
472
4
-470
-199
377
343
-247
-458
54
478
145
-423
-326
279
446
-98
-482
-98
449
283
-329
-411
166
486
47
-449
-218
375
384
-195
-445
40
478
167
-384
-297
279
424
-89
-428
-61
424
255
-305
-364
175
456
25
-431
-184
368
355
-208
-448
25
490
198
-415
-374
271
505
-63
-529
-133
494
340
-355
-469
175
550
53
-513
-244
421
420
-244
-500
50
516
161
-424
-309
301
427
-118
-463
-65
442
259
-336
-401
169
476
27
-471
-225
384
373
-244
-471
50
486
137
-446
-333
293
429
-136
-500
-84
456
237
-386
-412
193
459
-24
-476
-195
364
320
-252
-438
56
444
113
-419
-306
271
404
-127
-476
-75
442
244
-366
-415
192
497
0
-515
-208
423
353
-296
-468
104
483
67
-462
-263
344
390
-200
-480
-6
452
174
-378
-332
222
401
-65
-435
-124
375
275
-270
-394
100
441
87
-424
-270
325
409
-170
-482
-17
489
219
-400
-370
258
487
-45
-496
-135
463
341
-313
-437
162
520
70
-464
-232
375
397
-187
-442
28
461
178
-370
-303
269
419
-81
-431
-74
408
256
-296
-372
158
459
33
-443
-205
368
356
-217
-430
59
463
133
-395
-280
294
408
-113
-446
-60
430
253
-309
-373
155
441
45
-396
-203
313
343
-168
-411
11
432
172
-372
-329
259
442
-88
-492
-109
450
277
-347
-416
176
483
7
-492
-221
390
364
-263
-490
46
484
122
-453
-326
295
422
-134
-496
-97
425
248
-335
-392
153
428
6
-437
-198
332
315
-223
-419
41
434
117
-418
-303
294
422
-135
-487
-71
451
236
-367
-382
197
441
-39
-467
-160
389
304
-278
-419
89
432
90
-400
-274
262
374
-100
-421
-82
378
230
-302
-366
154
430
13
-434
-185
365
329
-229
-414
69
443
116
-394
-267
292
402
-111
-440
-50
443
240
-325
-346
201
450
2
-423
-158
369
332
-203
-396
54
438
141
-361
-266
272
398
-94
-422
-59
413
228
-320
-338
211
426
-44
-439
-117
389
277
-267
-359
128
404
47
-366
-182
299
313
-157
-368
15
384
159
-304
-288
182
378
-5
-377
-153
322
304
-196
-380
52
421
124
-376
-273
276
388
-129
-434
-43
406
199
-326
-328
179
393
-40
-428
-150
354
271
-271
-394
91
403
51
-408
-242
278
340
-155
-424
-42
377
179
-319
-332
154
377
-19
-406
-163
319
274
-225
-378
69
400
67
-390
-233
301
342
-174
-416
-4
391
149
-330
-298
185
356
-45
-383
-133
314
246
-220
-351
53
367
98
-338
-262
221
351
-85
-396
-85
354
212
-278
-322
152
377
-12
-382
-143
323
269
-206
-342
73
376
82
-340
-208
276
337
-127
-371
-6
389
180
-286
-274
190
376
-9
-365
-130
335
299
-191
-364
61
409
127
-341
-250
258
376
-95
-398
-48
390
207
-298
-297
194
373
-52
-384
-89
348
236
-234
-314
101
367
73
-324
-202
253
321
-113
-364
-30
367
197
-287
-320
164
409
15
-399
-166
339
299
-218
-370
84
399
68
-361
-199
274
298
-159
-361
7
354
129
-300
-254
188
314
-71
-359
-88
310
192
-248
-307
92
320
20
-331
-182
239
271
-150
-368
-24
342
150
-298
-293
157
344
-41
-382
-122
317
230
-242
-331
108
352
10
-353
-150
293
257
-198
-340
44
341
89
-318
-234
208
309
-92
-359
-71
317
194
-246
-318
102
363
41
-371
-213
285
326
-156
-398
-25
373
172
-305
-293
177
356
-34
-363
-111
315
240
-212
-319
89
358
59
-327
-173
270
290
-137
-330
25
359
136
-278
-226
210
334
-55
-342
-58
342
216
-241
-293
142
372
24
-345
-146
305
284
-174
-339
48
358
104
-292
-201
205
274
-81
-287
-32
276
161
-188
-238
91
293
50
-265
-154
215
257
-105
-293
-4
312
144
-256
-246
180
335
-37
-340
-98
304
226
-194
-290
79
307
41
-281
-148
217
227
-123
-275
6
274
103
-245
-208
148
263
-59
-300
-80
255
172
-206
-283
65
294
28
-309
-175
230
254
-153
-345
-7
332
126
-300
-267
183
324
-75
-372
-88
320
213
-238
-307
87
317
32
-300
-156
218
238
-129
-301
-14
290
130
-255
-256
140
303
-31
-333
-115
278
219
-214
-320
85
354
44
-359
-196
275
289
-162
-358
7
342
126
-283
-231
177
293
-46
-308
-84
276
206
-188
-285
72
323
68
-284
-165
230
276
-105
-302
-4
327
166
-242
-248
175
346
-18
-339
-91
331
237
-221
-299
124
360
36
-323
-142
279
269
-158
-317
38
330
113
-263
-211
170
286
-36
-279
-76
245
196
-154
-254
57
294
82
-248
-177
183
255
-67
-271
-24
279
134
-227
-211
170
289
-53
-310
-62
294
189
-202
-264
87
301
44
-282
-168
206
262
-98
-311
-42
293
163
-237
-267
117
302
-5
-318
-141
235
219
-169
-311
24
307
74
-300
-201
202
250
-134
-325
-17
308
121
-281
-251
160
298
-59
-335
-90
285
202
-204
-300
60
307
66
-282
-190
203
277
-110
-346
-39
332
158
-289
-288
168
348
-46
-377
-116
326
224
-253
-325
123
358
2
-373
-152
299
268
-195
-361
32
365
129
-307
-269
190
349
-39
-366
-115
326
256
-216
-341
72
379
98
-322
-214
249
332
-99
-352
-21
366
181
-270
-260
185
352
-28
-331
-77
318
216
-209
-276
114
338
38
-301
-144
265
266
-139
-312
11
331
150
-260
-257
162
338
-14
-348
-114
319
250
-227
-318
120
373
37
-347
-158
297
289
-173
-344
48
376
106
-321
-214
247
311
-114
-340
-20
331
171
-251
-271
132
335
9
-333
-152
274
265
-171
-347
25
358
122
-317
-263
187
333
-70
-378
-100
326
212
-270
-339
114
355
-1
-368
-158
280
240
-207
-335
58
344
64
-336
-224
221
298
-113
-362
-54
323
186
-254
-316
104
357
41
-350
-197
273
306
-168
-387
10
389
126
-359
-280
235
365
-102
-418
-78
373
202
-301
-314
167
356
-47
-372
-105
320
223
-230
-328
83
363
74
-339
-225
240
331
-104
-376
-43
368
200
-290
-315
172
399
3
-386
-151
342
311
-196
-374
71
424
122
-347
-234
268
358
-93
-368
-38
365
211
-260
-297
152
375
23
-343
-147
299
297
-165
-361
26
392
156
-327
-290
215
392
-55
-408
-94
384
249
-280
-338
159
407
15
-383
-157
326
298
-195
-359
60
383
100
-321
-215
232
312
-97
-342
-42
341
194
-258
-305
139
374
13
-379
-166
321
287
-224
-385
74
409
78
-390
-244
277
339
-159
-422
-27
393
155
-352
-314
197
363
-72
-396
-104
318
196
-261
-311
119
333
-6
-351
-162
269
257
-184
-349
28
357
119
-331
-277
212
369
-62
-412
-109
368
249
-286
-367
130
405
15
-413
-194
325
314
-210
-412
34
408
117
-360
-267
233
335
-97
-372
-62
335
192
-265
-315
123
366
27
-362
-181
299
304
-174
-365
33
390
129
-326
-253
236
363
-68
-376
-67
365
240
-247
-308
153
389
25
-349
-140
303
285
-162
-326
52
369
115
-310
-222
244
340
-91
-359
-40
368
205
-282
-322
171
415
8
-417
-174
360
323
-222
-399
77
433
101
-377
-231
292
356
-133
-396
-20
390
186
-293
-288
174
355
-10
-334
-122
281
240
-163
-300
46
326
92
-294
-211
213
306
-90
-345
-52
329
176
-261
-291
141
340
-5
-359
-162
281
268
-192
-367
28
356
87
-345
-247
224
319
-105
-380
-76
318
182
-253
-304
105
321
3
-334
-153
254
237
-181
-323
42
334
72
-329
-212
244
308
-141
-371
-13
356
133
-311
-262
192
317
-76
-356
-83
309
198
-232
-302
83
323
47
-308
-189
208
259
-107
-308
-32
284
131
-253
-243
161
314
-48
-344
-88
317
218
-231
-311
107
360
49
-336
-182
275
315
-138
-360
12
384
154
-303
-247
228
353
-63
-361
-68
346
239
-225
-312
103
374
75
-317
-194
250
317
-101
-348
-29
349
179
-275
-279
182
362
-39
-374
-101
337
240
-239
-321
114
369
48
-327
-171
264
286
-137
-335
8
338
142
-265
-245
163
320
-15
-320
-113
277
232
-178
-296
69
328
55
-312
-175
246
267
-146
-318
14
307
99
-269
-215
175
277
-77
-322
-65
283
163
-241
-283
102
297
4
-319
-165
225
241
-146
-327
-16
292
119
-261
-245
135
283
-41
-321
-105
265
194
-206
-287
85
310
17
-320
-144
259
233
-177
-306
48
306
69
-286
-207
179
269
-76
-313
-67
271
168
-207
-273
72
297
49
-287
-195
186
265
-86
-305
-40
275
133
-228
-218
142
267
-44
-276
-68
241
171
-157
-227
64
255
48
-232
-131
196
226
-95
-244
18
278
115
-207
-177
163
270
-33
-269
-55
276
202
-179
-260
96
323
56
-286
-152
251
270
-124
-303
24
322
110
-257
-184
197
259
-88
-280
-14
284
135
-210
-203
128
266
2
-249
-96
223
211
-127
-255
35
288
102
-243
-195
176
286
-47
-303
-74
277
197
-188
-263
87
295
28
-275
-131
221
215
-134
-258
31
255
64
-226
-164
151
220
-77
-269
-49
236
133
-199
-238
71
248
12
-272
-154
201
228
-133
-313
-25
289
133
-249
-257
126
294
-23
-323
-117
262
196
-196
-273
83
279
-1
-275
-101
222
171
-154
-232
43
228
50
-211
-153
131
194
-60
-231
-48
212
129
-178
-228
83
273
21
-294
-157
227
244
-138
-304
13
297
92
-263
-191
179
251
-78
-275
-33
257
147
-188
-221
105
266
14
-250
-101
224
208
-126
-240
48
278
95
-215
-163
174
261
-51
-274
-31
291
175
-207
-251
133
329
14
-306
-117
278
242
-170
-290
71
323
62
-273
-147
216
225
-113
-250
19
257
95
-198
-169
135
246
-19
-245
-69
236
180
-154
-239
71
285
53
-261
-151
219
259
-110
-297
-6
301
133
-231
-221
144
270
-29
-270
-84
229
177
-153
-235
45
247
49
-230
-148
156
199
-84
-248
-30
212
101
-186
-199
86
219
-21
-255
-104
200
172
-155
-263
26
258
57
-261
-180
176
230
-106
-290
-22
261
111
-221
-202
114
225
-26
-232
-75
182
145
-116
-205
10
200
69
-188
-165
107
195
-35
-225
-65
188
132
-153
-211
67
242
16
-261
-134
199
215
-121
-274
3
261
95
-212
-179
125
228
-30
-236
-67
207
164
-132
-213
50
238
57
-201
-121
165
202
-67
-207
-3
230
128
-155
-172
109
234
3
-207
-54
216
158
-139
-191
84
247
42
-213
-108
186
199
-86
-221
0
223
106
-157
-156
88
192
-4
-189
-71
177
161
-106
-207
42
247
73
-219
-146
178
230
-80
-255
-3
265
114
-216
-184
166
255
-59
-273
-39
267
161
-192
-234
97
278
29
-262
-134
201
222
-113
-279
-11
272
120
-229
-220
124
259
-26
-274
-114
207
181
-150
-268
21
248
52
-240
-161
153
194
-102
-252
-16
232
88
-225
-200
136
235
-61
-278
-66
244
160
-189
-250
72
271
31
-265
-152
196
222
-113
-286
-11
281
106
-259
-231
156
283
-57
-319
-73
282
164
-231
-256
127
295
-33
-317
-98
267
197
-192
-285
61
297
65
-263
-185
181
264
-64
-292
-61
273
185
-194
-260
94
306
49
-268
-146
225
248
-102
-269
20
306
120
-241
-190
193
277
-68
-272
-10
287
140
-211
-199
154
281
-25
-275
-68
266
195
-176
-261
69
302
82
-253
-181
182
267
-66
-286
-44
287
169
-210
-242
131
312
6
-297
-110
267
227
-168
-276
71
312
54
-275
-142
228
235
-121
-273
10
282
117
-222
-208
132
267
-16
-276
-107
240
216
-163
-301
31
312
85
-277
-206
183
262
-89
-313
-55
280
149
-247
-272
120
289
-26
-309
-112
242
176
-189
-262
69
266
14
-285
-143
208
210
-138
-288
2
278
108
-246
-232
135
293
-19
-319
-122
271
227
-202
-322
74
342
44
-339
-190
257
282
-153
-350
7
338
109
-291
-225
186
279
-91
-314
-39
291
150
-235
-256
121
310
14
-313
-154
251
265
-140
-319
13
336
131
-280
-231
196
322
-49
-317
-68
302
208
-194
-265
113
336
46
-289
-136
243
240
-116
-256
36
290
97
-234
-168
199
267
-71
-281
-21
290
158
-214
-245
124
330
31
-319
-158
270
285
-148
-342
25
366
127
-305
-234
230
341
-78
-358
-61
342
214
-235
-292
116
334
27
-295
-123
254
232
-157
-289
49
328
100
-290
-225
210
318
-82
-356
-60
335
188
-267
-294
147
348
-10
-354
-147
278
247
-185
-335
25
336
90
-317
-238
197
291
-92
-350
-84
294
193
-227
-306
82
317
28
-319
-171
229
248
-148
-322
6
316
116
-289
-246
177
317
-53
-351
-91
305
202
-229
-291
105
314
9
-313
-143
240
223
-158
-291
30
281
72
-253
-175
163
223
-78
-261
-36
241
137
-191
-229
101
280
7
-293
-124
255
232
-169
-294
64
330
75
-297
-188
230
300
-91
-326
-20
334
173
-246
-245
171
336
4
-308
-113
268
244
-138
-281
40
315
107
-251
-185
195
284
-59
-289
-47
293
180
-215
-262
127
337
12
-330
-139
287
252
-183
-313
72
339
71
-295
-171
227
267
-105
-292
-8
292
132
-220
-217
126
268
1
-242
-96
201
179
-121
-227
40
250
63
-237
-154
193
234
-110
-282
4
287
100
-259
-204
168
261
-67
-295
-67
251
154
-205
-255
81
260
2
-274
-142
185
204
-107
-268
-35
235
117
-199
-216
87
239
-8
-258
-117
195
184
-136
-258
28
269
66
-265
-180
203
259
-119
-317
-6
305
116
-266
-225
168
283
-75
-321
-68
283
173
-220
-271
92
292
22
-277
-148
193
212
-114
-260
9
258
83
-242
-185
173
255
-85
-298
-34
287
152
-227
-234
137
289
-14
-284
-91
260
213
-161
-267
76
320
70
-268
-152
226
264
-98
-284
-4
300
148
-216
-216
144
285
-7
-270
-82
251
200
-149
-242
67
282
53
-260
-142
228
248
-128
-293
27
307
100
-254
-193
187
273
-58
-282
-44
275
167
-195
-239
103
285
28
-253
-133
199
230
-81
-254
-28
242
143
-180
-212
114
269
-14
-283
-91
255
186
-195
-265
95
301
9
-306
-135
248
223
-168
-306
32
301
72
-286
-202
174
243
-92
-293
-55
248
141
-199
-246
71
261
24
-261
-156
174
211
-95
-265
-34
243
119
-209
-210
115
242
-36
-265
-66
239
158
-185
-244
77
262
30
-254
-149
178
212
-102
-264
-21
246
117
-200
-210
92
244
12
-246
-136
180
211
-103
-258
2
253
80
-236
-163
177
224
-93
-261
-2
256
108
-206
-179
137
234
-32
-239
-51
236
161
-161
-213
100
271
28
-239
-100
214
217
-100
-242
17
276
127
-199
-193
136
270
-4
-250
-81
236
194
-136
-233
58
263
50
-233
-129
195
217
-105
-250
17
262
95
-203
-161
142
231
-30
-226
-47
219
146
-145
-189
77
233
32
-221
-119
189
214
-88
-246
0
255
109
-203
-172
140
227
-47
-235
-43
218
125
-163
-185
86
211
-7
-217
-85
176
145
-132
-212
34
209
30
-216
-137
134
172
-87
-237
-29
208
105
-190
-211
79
233
1
-242
-122
167
169
-114
-233
5
212
68
-192
-146
123
172
-71
-201
-8
187
74
-163
-147
84
165
-18
-183
-78
134
120
-89
-170
1
168
67
-154
-154
84
199
-8
-229
-96
196
169
-139
-233
39
237
43
-217
-124
159
178
-84
-209
-5
214
96
-166
-159
103
208
-11
-204
-57
193
148
-116
-172
67
215
43
-176
-82
171
179
-82
-195
23
236
90
-185
-148
144
224
-32
-216
-34
221
142
-151
-186
90
224
7
-202
-72
178
145
-114
-184
46
211
63
-171
-132
120
209
-15
-205
-65
189
155
-117
-190
52
230
50
-209
-125
180
215
-87
-242
-2
254
109
-190
-178
116
215
-16
-204
-68
165
132
-100
-170
21
171
52
-153
-118
96
145
-50
-174
-29
144
69
-130
-153
43
151
-5
-174
-71
135
97
-133
-164
66
181
-21
-214
-76
167
127
-138
-196
49
200
17
-199
-98
137
129
-91
-159
17
146
44
-130
-109
70
129
-31
-164
-49
135
92
-112
-156
38
167
25
-181
-120
120
169
-63
-218
-37
195
115
-158
-190
61
202
21
-189
-107
140
161
-63
-187
-19
180
96
-142
-150
90
193
-7
-187
-49
178
139
-105
-163
59
218
52
-190
-95
188
198
-100
-224
46
270
80
-221
-154
183
247
-64
-255
-20
262
141
-194
-200
115
242
5
-212
-75
174
151
-98
-178
30
205
69
-169
-127
129
195
-42
-200
-25
196
115
-135
-158
88
204
1
-198
-66
190
153
-123
-197
49
225
55
-191
-133
120
185
-28
-188
-66
156
134
-102
-185
16
187
59
-166
-130
97
147
-49
-179
-43
152
91
-144
-174
53
169
-17
-190
-66
146
94
-138
-171
59
180
-3
-207
-100
146
143
-102
-211
-12
192
91
-159
-176
62
190
21
-181
-113
128
163
-74
-211
-16
202
83
-191
-167
117
202
-52
-240
-54
218
129
-188
-209
106
242
-33
-271
-78
240
165
-184
-246
68
267
48
-248
-157
183
233
-88
-276
-18
277
135
-221
-220
143
287
-19
-276
-80
256
192
-154
-234
86
290
51
-243
-116
216
212
-118
-226
58
258
57
-218
-123
194
225
-86
-236
1
242
112
-165
-160
94
206
17
-178
-93
139
155
-61
-175
-4
190
97
-148
-148
104
204
-9
-197
-57
185
147
-117
-182
54
211
33
-186
-90
163
163
-94
-197
23
217
81
-185
-165
118
233
-15
-250
-95
216
182
-148
-245
48
260
47
-248
-151
171
200
-101
-249
-17
220
77
-216
-180
122
199
-63
-240
-48
196
100
-172
-184
78
188
-26
-216
-75
163
125
-130
-195
34
198
46
-189
-148
117
197
-33
-225
-71
195
149
-154
-223
62
236
12
-246
-123
185
187
-126
-247
24
244
50
-235
-146
166
190
-108
-238
5
241
87
-213
-192
126
249
-25
-274
-89
246
196
-168
-265
69
302
57
-269
-159
210
253
-85
-265
-10
274
140
-197
-201
141
285
-2
-249
-77
229
188
-131
-211
62
249
55
-212
-120
182
210
-74
-221
0
243
118
-182
-185
115
257
8
-246
-118
205
212
-115
-250
26
272
90
-221
-157
174
234
-66
-245
-24
247
125
-184
-178
123
218
-26
-202
-37
189
113
-137
-165
80
218
20
-219
-110
184
195
-103
-240
3
245
97
-210
-191
131
237
-45
-264
-74
218
154
-176
-244
53
250
25
-260
-166
165
211
-86
-260
-47
206
110
-171
-196
71
199
-12
-221
-93
168
144
-129
-213
35
227
46
-230
-160
162
227
-74
-272
-43
251
132
-212
-219
112
246
-32
-266
-73
229
146
-183
-222
84
233
0
-231
-96
172
149
-110
-197
24
195
47
-192
-129
145
196
-75
-237
-15
244
114
-198
-186
132
249
-27
-251
-63
236
180
-138
-219
57
253
70
-195
-121
168
205
-50
-198
-12
209
123
-128
-156
81
208
25
-173
-78
165
168
-75
-184
20
216
80
-178
-148
146
232
-46
-256
-54
253
166
-181
-228
106
276
14
-255
-98
223
198
-126
-231
37
251
73
-192
-138
134
200
-31
-186
-42
172
125
-112
-170
66
213
18
-214
-96
190
171
-131
-224
46
242
43
-224
-130
162
180
-96
-229
-9
209
77
-192
-167
103
173
-53
-204
-59
148
109
-108
-180
-3
153
56
-150
-135
84
152
-40
-189
-54
158
104
-135
-171
64
199
1
-223
-102
188
177
-133
-244
33
246
53
-232
-156
156
203
-93
-249
-13
232
90
-202
-183
117
220
-33
-237
-77
187
147
-134
-210
42
213
29
-207
-111
168
179
-110
-228
26
245
70
-215
-145
163
216
-70
-237
-23
238
142
-168
-198
99
258
28
-222
-101
202
207
-87
-224
4
244
129
-164
-176
109
238
0
-215
-58
211
153
-140
-188
86
239
17
-224
-92
209
182
-126
-225
43
251
66
-205
-134
155
202
-49
-202
-27
200
124
-138
-171
81
217
26
-195
-98
160
175
-62
-185
-5
190
90
-147
-139
108
191
-34
-200
-34
193
112
-153
-169
90
201
-16
-213
-71
179
139
-134
-210
32
210
43
-210
-149
127
184
-73
-243
-54
207
126
-175
-219
57
226
22
-230
-137
154
182
-92
-231
-13
203
71
-183
-145
119
177
-73
-220
-19
216
94
-186
-174
102
205
-26
-222
-83
167
138
-118
-191
22
201
44
-194
-138
122
184
-45
-211
-63
175
129
-117
-177
30
161
24
-145
-64
114
97
-80
-120
38
134
15
-123
-55
104
101
-59
-119
23
148
58
-113
-92
97
154
-10
-138
-21
162
117
-96
-144
58
198
55
-160
-104
136
178
-47
-180
-8
204
107
-146
-153
95
202
1
-191
-60
180
138
-128
-189
62
220
33
-196
-110
151
186
-55
-198
-20
203
120
-140
-170
74
211
30
-176
-96
140
161
-59
-170
-1
175
71
-135
-106
99
137
-46
-146
-4
142
58
-118
-103
74
125
-27
-140
-38
119
77
-99
-135
28
137
7
-154
-94
89
114
-68
-173
-16
159
63
-158
-154
72
167
-17
-193
-81
144
124
-123
-189
34
190
29
-198
-113
143
153
-102
-202
18
204
53
-185
-140
106
177
-29
-204
-80
159
141
-110
-201
14
201
51
-195
-151
126
208
-47
-249
-72
213
155
-152
-221
54
225
32
-199
-111
144
152
-75
-169
0
160
74
-123
-121
75
157
2
-146
-48
141
123
-69
-130
35
167
55
-121
-77
117
147
-38
-151
-1
181
92
-131
-124
104
188
-8
-175
-43
180
125
-109
-148
61
175
13
-151
-56
133
110
-84
-135
37
161
37
-136
-88
107
142
-35
-140
-12
149
80
-105
-111
75
155
-5
-158
-49
157
131
-102
-170
37
189
52
-153
-111
105
146
-35
-155
-29
140
88
-102
-135
36
145
18
-144
-82
107
111
-76
-150
-3
128
40
-125
-123
48
124
-23
-157
-48
126
75
-128
-153
53
167
-12
-197
-87
143
125
-110
-182
18
171
33
-158
-101
98
116
-60
-140
5
131
37
-122
-90
68
109
-34
-138
-38
106
75
-91
-129
23
130
19
-141
-90
106
129
-70
-179
-6
175
70
-158
-144
92
173
-23
-177
-52
140
106
-89
-136
32
151
33
-129
-81
103
125
-45
-125
11
141
62
-109
-92
96
163
-15
-152
-21
176
104
-128
-132
101
193
-10
-185
-43
191
143
-114
-171
55
208
46
-168
-108
132
163
-45
-165
-13
163
76
-121
-113
82
154
-3
-146
-51
132
124
-65
-142
20
158
57
-125
-102
96
151
-27
-162
-30
163
107
-110
-151
43
176
47
-147
-105
98
147
-29
-156
-45
133
98
-95
-145
30
153
25
-158
-97
109
131
-76
-186
-17
168
69
-176
-169
94
178
-55
-215
-49
179
82
-183
-169
104
193
-54
-235
-60
195
120
-164
-202
68
214
10
-217
-108
150
157
-86
-197
-6
186
80
-165
-167
87
199
-20
-225
-88
178
149
-125
-213
23
212
48
-206
-134
147
181
-97
-231
-5
225
91
-198
-188
104
229
-2
-229
-108
175
189
-84
-228
-11
230
112
-179
-184
103
232
6
-213
-73
197
164
-117
-196
70
246
45
-202
-97
178
180
-86
-180
40
208
55
-164
-91
145
162
-64
-160
15
175
66
-127
-104
84
148
-1
-134
-50
114
97
-66
-114
33
144
30
-128
-69
116
131
-57
-142
6
150
63
-114
-102
87
143
-29
-149
-10
154
81
-112
-127
66
166
21
-157
-100
117
164
-51
-193
-31
184
108
-150
-183
76
209
-1
-219
-96
166
151
-115
-216
5
199
48
-203
-148
111
160
-68
-198
-38
152
73
-136
-142
59
145
-22
-172
-67
125
101
-99
-160
14
160
47
-152
-131
85
164
-20
-186
-61
150
108
-121
-164
49
167
1
-179
-85
138
129
-99
-180
18
171
34
-164
-106
112
131
-79
-173
8
171
51
-172
-137
122
192
-48
-225
-49
212
143
-154
-208
78
248
25
-237
-117
196
205
-97
-227
19
245
97
-184
-142
144
215
-31
-198
-26
199
125
-125
-149
83
200
19
-174
-75
161
152
-77
-163
29
192
64
-159
-121
122
191
-28
-195
-54
181
141
-111
-182
53
208
37
-179
-97
152
168
-75
-188
8
201
84
-158
-132
110
180
-27
-170
-30
166
106
-113
-156
58
198
34
-192
-118
155
186
-86
-224
3
224
74
-201
-153
138
194
-67
-228
-36
198
97
-175
-185
86
198
-34
-237
-82
173
126
-132
-191
29
172
15
-181
-98
125
129
-94
-184
3
165
51
-159
-135
90
172
-25
-202
-82
162
156
-108
-214
17
220
50
-216
-138
159
183
-112
-240
6
233
80
-208
-176
119
206
-42
-221
-56
173
108
-133
-163
61
181
-3
-194
-81
163
146
-109
-196
30
211
50
-188
-121
145
182
-67
-206
-10
215
108
-151
-159
99
215
13
-191
-74
184
177
-81
-200
10
217
108
-144
-156
94
212
12
-191
-69
174
159
-94
-186
32
219
71
-187
-143
141
213
-53
-230
-35
230
127
-179
-189
116
230
-18
-214
-50
197
134
-137
-172
79
213
15
-190
-83
155
153
-77
-171
15
179
63
-153
-114
114
166
-50
-196
-19
197
93
-170
-165
103
203
-30
-225
-72
180
143
-121
-216
6
206
63
-198
-168
98
177
-44
-213
-74
153
117
-118
-192
9
174
42
-176
-135
100
156
-55
-200
-46
163
95
-139
-165
63
188
-7
-220
-92
177
157
-123
-220
28
213
44
-203
-130
141
165
-89
-209
-3
190
61
-166
-132
94
151
-37
-165
-45
133
92
-100
-139
40
153
8
-167
-74
147
129
-118
-179
56
209
27
-203
-100
166
173
-92
-201
16
223
91
-174
-149
131
223
-27
-208
-34
215
149
-125
-186
65
229
55
-178
-107
150
184
-53
-186
-1
198
102
-139
-143
98
202
-11
-202
-53
197
147
-139
-203
65
242
44
-213
-116
165
188
-71
-189
6
198
88
-151
-134
94
183
9
-160
-75
126
137
-46
-143
-8
146
72
-112
-98
93
138
-48
-159
2
170
53
-155
-104
119
141
-74
-175
5
172
52
-162
-135
93
159
-44
-197
-58
150
98
-125
-179
28
171
32
-173
-131
92
148
-49
-181
-46
136
82
-125
-157
48
162
7
-171
-88
121
122
-94
-173
21
173
39
-165
-108
108
129
-63
-165
-16
135
56
-126
-120
58
135
-11
-153
-76
105
115
-56
-147
-33
118
73
-92
-117
34
119
1
-126
-45
108
76
-91
-106
57
116
-11
-114
-27
98
68
-67
-85
41
117
18
-90
-45
84
98
-20
-82
6
110
64
-66
-88
52
148
36
-125
-73
117
145
-36
-143
-8
154
78
-106
-100
80
138
-28
-140
-7
150
73
-124
-114
87
156
-16
-150
-40
145
109
-88
-134
46
165
35
-138
-81
116
138
-46
-154
-16
154
102
-95
-133
42
146
24
-120
-61
97
93
-63
-109
21
112
16
-106
-58
76
79
-45
-104
-6
94
40
-93
-98
39
103
-11
-126
-64
76
74
-71
-135
-9
120
45
-137
-133
62
141
-29
-179
-61
145
103
-126
-171
42
166
10
-168
-85
119
109
-92
-152
30
159
26
-162
-98
109
127
-59
-162
-21
136
58
-125
-118
64
133
-12
-145
-68
105
100
-69
-149
-6
132
50
-116
-104
58
107
-21
-114
-21
89
47
-70
-70
39
80
3
-75
-31
63
63
-27
-68
15
87
30
-66
-36
72
90
-17
-78
6
109
63
-71
-76
70
135
4
-116
-35
126
103
-68
-114
47
156
27
-141
-74
130
137
-66
-146
25
163
38
-142
-89
120
150
-47
-160
-14
169
110
-104
-144
49
172
35
-146
-86
118
153
-49
-173
-20
183
120
-119
-165
48
189
46
-156
-101
109
141
-38
-147
-25
132
78
-87
-110
29
113
19
-108
-68
71
79
-56
-113
-2
90
18
-97
-77
40
64
-43
-107
-16
88
23
-115
-93
66
103
-48
-144
-23
123
54
-123
-117
64
127
-32
-145
-31
115
55
-102
-98
57
113
-16
-129
-56
98
96
-68
-147
-7
130
55
-121
-121
56
131
-14
-153
-62
123
107
-98
-166
20
168
48
-152
-121
80
142
-13
-138
-46
101
84
-63
-105
20
118
26
-97
-62
80
97
-34
-92
14
103
32
-73
-41
73
102
-14
-78
14
106
34
-81
-36
99
96
-50
-98
29
128
41
-85
-59
79
103
-17
-90
-6
94
56
-52
-57
33
73
8
-63
-29
60
69
-24
-78
1
98
49
-73
-66
59
101
-6
-101
-23
105
80
-70
-105
42
139
16
-127
-63
105
117
-44
-128
-15
121
74
-74
-110
20
117
40
-111
-104
64
139
-17
-157
-55
123
90
-102
-150
24
145
16
-165
-111
98
122
-71
-172
-11
142
44
-146
-121
77
130
-44
-160
-46
119
75
-107
-135
35
129
15
-120
-80
65
93
-26
-104
-25
82
50
-73
-84
28
89
-8
-109
-56
76
69
-62
-110
9
100
10
-111
-58
87
75
-85
-126
29
128
24
-125
-91
72
117
-17
-128
-47
105
97
-62
-128
14
146
50
-123
-92
103
140
-42
-149
4
172
73
-132
-100
123
177
-42
-163
4
178
79
-124
-97
107
155
-24
-139
-14
154
104
-87
-115
55
148
27
-119
-63
97
116
-28
-115
-16
113
72
-75
-89
52
126
10
-120
-41
126
110
-76
-129
36
156
39
-127
-69
109
113
-59
-130
34
159
32
-145
-89
118
152
-40
-159
-26
147
93
-99
-133
39
150
22
-149
-95
103
138
-54
-171
-24
143
68
-123
-133
55
139
-27
-170
-61
120
84
-101
-133
32
118
-14
-138
-65
95
85
-79
-134
5
119
37
-116
-103
59
118
-7
-137
-69
96
113
-52
-138
-15
125
53
-117
-102
68
111
-42
-134
-27
116
53
-106
-99
63
112
-34
-133
-19
116
53
-106
-102
68
132
-29
-165
-48
143
116
-94
-169
21
185
65
-159
-134
114
195
-34
-209
-41
200
132
-128
-174
65
221
48
-179
-104
160
200
-49
-195
-13
197
110
-111
-120
78
171
12
-143
-51
145
130
-71
-140
35
174
49
-143
-102
115
168
-25
-172
-41
156
111
-102
-136
68
167
2
-152
-40
159
113
-104
-148
56
184
27
-163
-78
141
135
-82
-145
46
170
31
-155
-85
135
157
-68
-195
-10
204
104
-161
-175
88
211
-8
-218
-87
179
151
-124
-210
24
200
44
-192
-135
112
154
-71
-197
-23
155
62
-140
-126
62
126
-30
-152
-52
107
76
-91
-131
16
123
25
-130
-93
80
128
-30
-161
-55
133
112
-92
-160
11
154
38
-142
-105
88
121
-53
-155
-21
137
62
-120
-112
66
123
-28
-134
-35
105
62
-87
-104
40
114
-7
-134
-50
125
104
-95
-155
42
182
32
-178
-104
148
176
-74
-200
3
216
100
-157
-150
112
220
-3
-203
-57
205
167
-109
-186
47
221
65
-162
-107
135
179
-41
-176
-10
195
112
-127
-146
81
196
11
-185
-79
174
165
-96
-206
18
222
73
-177
-125
133
177
-49
-173
0
177
76
-132
-114
90
165
-13
-154
-46
130
106
-68
-108
34
123
15
-112
-48
113
101
-85
-141
41
173
25
-177
-99
142
157
-94
-197
11
194
58
-175
-146
94
171
-29
-200
-77
148
110
-120
-185
11
165
52
-162
-151
72
163
-17
-191
-85
140
130
-113
-204
13
197
49
-201
-139
145
194
-92
-259
-21
251
123
-214
-222
117
253
-28
-263
-90
207
148
-159
-219
64
226
18
-224
-123
154
167
-89
-207
-11
173
67
-149
-130
82
153
-33
-182
-37
171
99
-145
-159
86
185
-20
-186
-45
176
116
-121
-156
57
182
36
-152
-85
134
156
-47
-151
7
177
92
-118
-123
80
175
25
-140
-63
127
132
-49
-134
9
155
74
-113
-106
84
155
-19
-156
-28
159
98
-121
-151
65
196
25
-171
-84
146
152
-70
-163
10
185
78
-138
-124
99
175
-16
-168
-53
151
123
-75
-148
22
158
40
-133
-79
110
112
-77
-132
42
153
5
-156
-66
127
105
-99
-148
36
152
18
-153
-97
94
117
-64
-162
-25
125
47
-126
-128
51
135
-4
-159
-90
90
108
-63
-153
-21
127
54
-122
-120
50
125
-21
-150
-44
129
80
-123
-145
69
171
-11
-187
-77
140
116
-98
-159
25
152
17
-159
-88
113
123
-74
-161
-11
140
64
-108
-118
39
124
10
-116
-65
80
83
-56
-113
11
113
28
-106
-70
80
99
-37
-111
-2
108
51
-75
-75
57
118
8
-105
-34
115
104
-47
-101
28
142
53
-108
-84
98
154
-18
-153
-29
160
108
-91
-123
63
169
19
-154
-61
152
132
-98
-163
54
201
30
-190
-99
164
175
-78
-190
9
198
87
-143
-129
102
181
-15
-169
-36
159
113
-90
-146
30
168
58
-123
-102
83
135
-19
-118
-13
114
53
-86
-69
62
91
-27
-96
-11
88
41
-73
-73
37
83
-10
-101
-52
63
71
-47
-119
-28
98
48
-106
-127
35
130
-5
-161
-84
105
113
-78
-173
-12
149
52
-146
-129
74
146
-33
-173
-42
148
79
-130
-141
74
166
-14
-183
-73
136
124
-86
-173
-11
156
63
-138
-137
66
149
-17
-171
-66
135
119
-95
-178
7
174
59
-158
-134
91
160
-28
-160
-38
131
82
-97
-116
49
131
18
-113
-62
93
108
-40
-112
11
132
61
-93
-83
84
136
-7
-113
-7
134
74
-94
-84
92
144
-21
-134
-11
151
88
-97
-106
72
153
1
-131
-36
125
90
-75
-97
57
123
-10
-120
-29
113
85
-65
-100
25
117
43
-84
-70
63
108
5
-91
-44
77
95
-28
-114
-20
121
93
-76
-126
25
141
42
-110
-82
74
109
-20
-106
-28
87
63
-60
-88
18
86
7
-85
-49
53
52
-51
-81
4
61
-1
-86
-50
46
43
-53
-84
10
70
-14
-107
-41
68
47
-77
-93
26
89
-18
-112
-39
81
56
-68
-87
21
75
-6
-83
-25
73
41
-67
-69
31
72
-6
-89
-47
53
54
-41
-84
-17
69
43
-66
-99
13
109
32
-118
-105
70
128
-21
-149
-50
119
89
-78
-120
22
125
34
-109
-85
75
125
-15
-125
-33
118
88
-68
-105
45
143
30
-120
-68
115
138
-35
-142
6
172
74
-130
-105
121
183
-26
-175
-28
183
125
-112
-146
70
185
21
-157
-71
133
129
-65
-136
17
145
37
-120
-71
98
126
-38
-135
-2
149
75
-106
-104
72
140
-6
-133
-38
124
97
-89
-128
55
169
19
-161
-85
130
141
-53
-155
-16
142
85
-97
-132
27
145
40
-129
-111
71
139
-22
-162
-56
129
87
-110
-149
29
144
2
-167
-95
104
100
-91
-148
13
121
3
-149
-73
98
86
-84
-140
8
122
19
-124
-87
67
97
-40
-125
-28
85
53
-60
-79
11
74
7
-88
-57
56
74
-47
-115
-13
97
41
-98
-94
46
104
-14
-127
-44
106
81
-93
-129
35
140
18
-145
-97
99
140
-33
-159
-40
139
96
-106
-133
62
166
6
-158
-58
141
118
-76
-127
34
153
46
-110
-70
104
132
-25
-118
2
134
67
-82
-66
75
113
-10
-95
-10
111
74
-62
-80
46
116
22
-84
-41
73
80
-15
-72
-12
63
42
-30
-43
24
60
0
-52
-1
65
36
-44
-38
44
61
-13
-55
5
72
27
-58
-43
62
83
-14
-87
-19
88
78
-46
-106
-1
120
66
-92
-111
42
137
19
-138
-90
96
126
-46
-150
-39
121
83
-97
-135
17
125
15
-142
-97
75
96
-48
-125
-21
85
25
-84
-64
39
49
-40
-80
-9
57
10
-72
-59
33
66
-16
-87
-45
50
61
-25
-78
-19
60
32
-61
-60
28
59
-26
-80
-13
62
19
-63
-59
32
57
-25
-79
-14
71
26
-80
-67
56
92
-24
-122
-47
100
94
-64
-134
1
140
55
-121
-101
89
137
-32
-145
-21
146
84
-94
-102
68
138
8
-113
-29
123
96
-57
-95
46
129
24
-97
-40
102
104
-45
-108
21
137
55
-97
-80
77
130
-9
-125
-40
115
115
-55
-133
-6
128
75
-87
-106
47
133
10
-114
-41
107
102
-53
-112
11
127
49
-95
-72
77
101
-33
-88
14
96
23
-89
-57
84
111
-36
-142
-26
144
95
-115
-151
52
176
11
-182
-91
141
146
-92
-201
-4
186
64
-182
-151
106
163
-64
-216
-44
177
99
-151
-176
50
167
7
-176
-95
110
114
-73
-160
-8
134
50
-128
-114
64
134
-16
-162
-69
126
122
-82
-161
7
153
39
-142
-103
82
116
-52
-143
-13
124
47
-127
-111
78
130
-37
-147
-27
118
59
-100
-103
49
113
-13
-127
-41
106
81
-79
-119
27
126
26
-121
-69
99
111
-57
-134
14
147
59
-112
-89
88
147
-9
-130
-14
156
106
-93
-124
60
165
29
-128
-64
120
133
-45
-132
9
155
69
-106
-98
79
153
-9
-149
-41
140
112
-94
-150
42
173
38
-150
-90
122
145
-52
-151
6
170
76
-126
-120
92
171
-13
-159
-49
143
119
-78
-132
31
143
20
-132
-54
125
112
-91
-147
46
172
19
-170
-81
141
132
-98
-176
23
174
42
-157
-118
90
143
-44
-179
-55
131
81
-116
-149
26
132
20
-135
-99
61
105
-32
-132
-43
90
63
-84
-124
15
115
8
-123
-75
89
105
-70
-155
4
152
60
-135
-125
81
145
-30
-156
-46
114
75
-92
-119
26
117
10
-115
-67
74
83
-47
-107
4
92
17
-90
-50
71
67
-59
-100
21
114
17
-120
-62
96
100
-57
-116
10
125
46
-100
-85
78
132
-7
-118
-24
120
96
-60
-98
42
136
42
-97
-68
84
128
-1
-109
-30
111
93
-49
-94
25
120
53
-84
-77
66
117
-7
-120
-31
130
93
-92
-127
53
156
22
-135
-61
114
114
-55
-110
20
131
43
-97
-68
80
105
-22
-100
-12
97
55
-53
-57
31
67
-3
-56
0
62
20
-61
-33
55
56
-44
-74
19
81
10
-88
-52
65
73
-45
-107
-12
96
42
-97
-99
31
90
-13
-116
-62
64
70
-42
-112
-36
74
58
-58
-102
-14
73
26
-74
-82
23
72
-14
-100
-42
82
71
-78
-127
22
141
34
-138
-106
82
127
-36
-150
-43
123
77
-106
-131
43
135
3
-147
-76
104
105
-62
-133
-9
112
45
-98
-92
51
89
-29
-99
0
93
25
-79
-54
59
77
-27
-81
-3
81
38
-59
-55
53
93
-3
-76
-7
87
59
-39
-45
43
86
14
-60
-17
70
76
-21
-62
8
85
52
-43
-56
32
93
31
-66
-41
63
75
-30
-76
21
104
36
-89
-77
71
122
-6
-122
-47
114
118
-49
-130
6
147
63
-120
-101
85
146
-11
-147
-48
140
119
-77
-138
25
149
34
-117
-63
89
84
-51
-86
19
74
9
-62
-28
36
32
-26
-42
5
33
5
-45
-36
16
24
-21
-56
-25
24
13
-50
-63
4
51
-8
-83
-56
49
61
-44
-98
-11
75
18
-92
-74
50
77
-40
-101
-1
91
21
-104
-68
77
96
-51
-135
-9
122
52
-109
-109
46
109
-15
-127
-45
89
70
-69
-113
9
104
34
-100
-98
33
103
10
-100
-60
59
73
-34
-82
0
75
22
-55
-46
28
57
12
-51
-28
47
58
-16
-58
11
78
37
-44
-42
47
88
11
-57
-12
81
64
-45
-59
52
104
4
-83
-12
100
70
-60
-79
53
115
9
-90
-26
96
68
-61
-75
52
106
-7
-110
-24
122
87
-78
-112
41
145
36
-116
-70
98
115
-47
-117
18
130
46
-103
-82
74
126
1
-115
-55
92
104
-36
-106
-3
98
41
-72
-56
39
70
-4
-65
-28
41
52
-16
-60
-15
44
19
-50
-51
17
42
-21
-85
-40
50
41
-62
-93
11
90
4
-122
-73
83
93
-63
-141
-15
119
45
-117
-110
62
116
-26
-129
-33
103
48
-89
-78
61
93
-38
-118
-14
104
44
-99
-96
47
105
-12
-120
-39
93
65
-74
-102
21
104
11
-104
-64
65
90
-32
-105
-20
83
56
-57
-76
18
72
19
-53
-49
34
78
4
-71
-36
63
69
-23
-62
16
82
31
-47
-24
65
72
-15
-54
15
84
39
-53
-35
71
82
-21
-70
15
94
42
-57
-41
62
82
-13
-65
1
71
40
-40
-37
34
58
-12
-49
6
60
24
-38
-37
36
75
11
-62
-31
58
71
-16
-73
0
89
52
-56
-71
36
100
20
-84
-48
69
83
-20
-77
-14
70
54
-35
-73
1
78
36
-67
-74
38
88
-10
-98
-28
67
36
-66
-79
17
62
-12
-89
-42
53
36
-63
-73
20
59
-26
-87
-21
70
32
-79
-76
29
67
-21
-89
-34
64
44
-51
-70
9
56
-1
-60
-25
42
27
-40
-53
13
50
-6
-62
-36
33
35
-28
-70
-7
55
21
-56
-56
31
68
-8
-92
-50
67
86
-30
-104
-30
73
66
-36
-85
-10
78
45
-55
-72
31
95
13
-87
-46
83
85
-40
-84
26
109
28
-79
-43
82
102
-14
-74
7
83
46
-36
-26
47
60
-11
-41
20
71
27
-42
-21
49
58
-3
-47
-9
55
45
-22
-44
4
50
20
-28
-21
27
36
-5
-25
10
41
21
-23
-14
33
44
-4
-34
10
55
21
-44
-28
54
60
-21
-66
-6
72
56
-39
-76
-4
79
53
-48
-83
13
96
26
-100
-74
72
101
-42
-129
-19
110
47
-111
-110
50
112
-26
-147
-55
100
76
-82
-126
15
106
1
-124
-66
86
79
-82
-131
15
117
18
-123
-83
79
112
-39
-141
-41
113
80
-83
-113
28
104
2
-111
-53
76
67
-63
-104
2
93
25
-94
-77
50
81
-25
-100
-20
81
32
-84
-71
54
90
-25
-110
-26
91
63
-65
-102
14
111
39
-93
-79
60
110
-12
-105
-23
98
73
-50
-81
26
107
38
-72
-45
80
99
-16
-78
8
96
54
-46
-43
48
79
4
-56
-3
75
52
-35
-47
28
73
16
-61
-34
61
78
-13
-79
-17
85
67
-49
-86
24
114
38
-87
-62
80
105
-24
-103
-10
115
64
-75
-80
52
102
-4
-89
-10
104
59
-89
-90
70
130
-9
-139
-40
130
95
-99
-131
48
145
-2
-156
-66
126
108
-89
-146
21
133
15
-135
-85
84
88
-67
-131
-11
95
31
-97
-89
30
76
-20
-100
-39
66
47
-70
-94
16
80
2
-98
-56
62
75
-44
-109
-17
92
52
-77
-92
24
89
-1
-87
-37
58
45
-50
-73
10
61
3
-70
-38
41
44
-31
-56
-1
41
-8
-53
-15
46
31
-55
-63
28
80
5
-96
-52
83
99
-49
-126
5
140
59
-115
-98
87
149
-12
-140
-36
140
112
-66
-105
37
139
51
-85
-61
70
109
8
-76
-19
88
72
-43
-73
38
115
28
-86
-50
85
106
-30
-112
-12
123
88
-74
-114
33
133
33
-102
-59
82
103
-27
-95
0
103
54
-66
-66
52
102
8
-83
-28
78
65
-37
-60
31
75
-5
-68
0
88
40
-80
-74
60
112
-18
-125
-26
122
73
-100
-120
44
138
12
-141
-82
91
110
-52
-144
-22
114
55
-106
-119
27
110
10
-118
-89
51
94
-19
-123
-53
85
67
-77
-117
13
110
14
-123
-81
84
111
-50
-149
-23
141
80
-115
-134
46
135
5
-134
-64
94
87
-70
-128
0
120
48
-105
-105
49
114
-12
-125
-51
83
70
-57
-92
18
76
-1
-79
-22
71
40
-65
-60
51
83
-20
-84
-1
87
42
-66
-58
49
95
10
-73
-24
83
76
-32
-64
32
105
39
-68
-51
68
109
3
-89
-22
102
85
-51
-89
39
127
27
-99
-45
104
101
-63
-121
33
159
45
-138
-107
102
162
-19
-151
-42
129
108
-60
-112
24
127
38
-92
-63
76
99
-19
-94
-14
88
56
-51
-58
39
69
-14
-67
5
77
19
-71
-38
73
61
-61
-75
42
84
-22
-92
-8
86
33
-75
-72
30
70
-11
-88
-52
43
53
-42
-93
-26
58
34
-59
-75
-8
48
10
-56
-54
18
46
-22
-77
-29
52
43
-56
-88
6
84
20
-93
-68
64
103
-30
-132
-37
107
78
-88
-127
25
126
13
-140
-83
95
108
-65
-144
-7
125
52
-104
-98
45
89
-13
-92
-20
70
34
-68
-56
50
70
-36
-84
11
93
20
-89
-47
76
79
-35
-78
17
92
33
-57
-41
56
82
0
-60
-2
85
69
-24
-72
2
101
77
-44
-88
20
118
55
-72
-69
66
109
-5
-88
-11
101
59
-72
-73
66
116
-14
-117
-30
109
86
-60
-103
24
124
47
-89
-72
66
110
-8
-109
-27
112
90
-68
-115
25
137
46
-107
-83
73
112
-26
-107
-3
105
44
-86
-65
70
88
-41
-107
2
99
26
-90
-63
55
78
-42
-114
-20
91
40
-94
-103
19
87
-7
-115
-66
64
76
-53
-124
-26
97
49
-95
-107
30
97
-7
-115
-61
66
69
-49
-100
7
84
7
-96
-48
74
72
-57
-112
-1
104
37
-104
-103
37
108
-8
-125
-63
91
92
-66
-134
-4
120
49
-101
-102
41
110
3
-106
-53
71
69
-52
-82
16
79
10
-71
-32
52
56
-16
-54
-5
56
39
-33
-46
27
73
15
-50
-15
66
69
-20
-61
15
94
41
-64
-48
78
109
-17
-96
2
114
62
-67
-60
65
101
-9
-82
-8
86
47
-59
-52
53
76
-29
-87
8
97
35
-75
-50
57
79
-12
-70
-2
74
36
-49
-43
36
66
2
-61
-29
50
65
-4
-57
-16
53
42
-24
-41
16
47
1
-43
-7
35
14
-32
-23
18
25
-14
-41
-12
31
20
-38
-57
-2
40
6
-56
-58
9
37
-16
-68
-34
44
34
-67
-93
8
83
7
-107
-78
58
92
-38
-126
-29
93
50
-83
-89
40
83
-22
-96
-19
87
46
-82
-93
35
96
-7
-115
-60
77
84
-56
-125
-14
106
56
-87
-117
27
123
27
-127
-103
73
131
-15
-141
-63
101
96
-55
-120
0
117
49
-93
-82
61
110
-7
-108
-30
98
73
-60
-80
41
100
4
-81
-6
93
55
-45
-39
60
83
-14
-71
20
107
43
-71
-56
66
106
1
-85
-18
93
71
-50
-76
29
89
12
-64
-12
68
31
-58
-48
46
73
-10
-77
-20
77
66
-35
-73
13
88
39
-59
-59
41
87
4
-82
-35
76
85
-24
-90
-18
83
67
-42
-83
0
82
37
-61
-64
34
74
-3
-80
-42
57
60
-41
-81
2
72
7
-83
-58
41
54
-36
-90
-31
59
31
-71
-79
23
66
-22
-95
-34
64
42
-69
-88
19
82
-13
-104
-40
77
53
-69
-87
22
71
-10
-67
-16
49
17
-51
-39
31
44
-26
-62
-16
39
17
-40
-45
14
41
-8
-59
-28
45
50
-32
-80
-18
70
48
-48
-81
-1
72
38
-57
-71
18
82
23
-74
-58
48
85
-9
-91
-22
95
69
-66
-72
54
111
5
-91
-12
112
83
-56
-75
50
110
10
-82
-10
105
73
-65
-77
55
124
18
-99
-38
96
89
-41
-87
11
90
39
-45
-43
15
43
11
-22
-14
20
35
-3
-24
5
38
19
-19
-20
25
42
4
-30
-3
44
29
-31
-27
38
60
-2
-58
-23
60
61
-29
-73
-5
73
40
-61
-64
45
86
-22
-111
-29
96
57
-83
-99
33
89
-12
-108
-38
71
41
-73
-92
13
68
-3
-82
-39
48
37
-57
-84
9
75
-1
-91
-55
51
60
-41
-98
-21
67
38
-58
-75
8
56
14
-47
-39
14
30
-3
-32
-23
5
13
-12
-23
-11
4
6
-10
-17
-4
3
-11
-15
11
9
-19
-35
2
34
13
-44
-55
10
66
19
-68
-57
43
83
-8
-93
-30
91
75
-61
-94
33
114
22
-84
-36
83
80
-29
-66
35
97
30
-56
-28
64
70
-10
-47
17
69
24
-45
-25
62
72
-20
-63
7
84
49
-53
-49
48
78
-1
-58
-16
51
39
-24
-41
13
54
23
-31
-27
36
60
3
-53
-20
59
62
-21
-62
4
76
31
-57
-46
52
81
-14
-93
-28
94
80
-54
-104
6
115
42
-98
-83
69
113
-27
-132
-28
121
73
-94
-118
34
118
-1
-128
-67
77
75
-65
-119
-9
94
31
-93
-86
33
77
-19
-96
-39
62
46
-65
-88
12
74
-6
-94
-49
65
68
-40
-101
-19
81
60
-50
-91
1
85
35
-74
-76
30
76
-11
-87
-31
61
49
-50
-70
11
54
0
-53
-22
28
22
-25
-39
6
39
4
-52
-34
48
54
-39
-77
13
85
17
-82
-37
79
80
-50
-89
25
110
34
-79
-43
83
94
-20
-73
16
96
41
-44
-33
43
66
14
-34
-4
40
36
-5
-15
22
40
11
-18
2
33
28
-15
-23
17
50
21
-32
-46
13
69
37
-43
-51
34
78
11
-55
-19
66
63
-34
-69
22
88
27
-66
-55
51
78
-5
-62
-9
56
28
-43
-28
46
48
-37
-58
26
72
-9
-81
-13
80
36
-77
-66
49
86
-25
-107
-29
78
52
-76
-97
21
78
-8
-105
-63
50
64
-42
-100
-25
62
33
-73
-88
24
80
-17
-113
-46
80
69
-72
-113
15
114
27
-115
-96
70
125
-17
-147
-57
110
97
-74
-142
-8
125
48
-115
-114
50
126
-5
-135
-66
91
89
-56
-113
-6
91
24
-84
-60
54
64
-42
-90
6
91
27
-86
-57
59
76
-30
-77
11
84
22
-66
-36
64
71
-21
-66
7
88
50
-49
-52
52
104
23
-76
-49
77
114
-2
-100
-25
110
98
-54
-96
33
127
36
-99
-62
96
115
-47
-130
14
160
61
-136
-117
101
174
-15
-170
-51
151
131
-77
-147
27
164
47
-132
-87
102
134
-41
-136
-12
130
71
-85
-90
47
103
0
-91
-17
93
46
-80
-67
67
90
-39
-105
-1
95
31
-89
-68
57
85
-34
-106
-29
74
36
-70
-82
0
47
-2
-71
-52
14
36
-13
-67
-44
21
36
-22
-69
-24
41
21
-54
-63
13
55
-6
-77
-31
63
43
-74
-91
36
108
-2
-121
-52
92
79
-74
-120
8
107
21
-112
-81
69
91
-48
-120
-15
100
44
-84
-84
32
76
-8
-86
-34
69
46
-63
-61
45
73
-26
-81
-1
84
40
-60
-57
44
83
-5
-80
-21
82
72
-30
-70
13
99
50
-51
-51
50
97
13
-77
-27
90
92
-27
-84
15
110
50
-70
-51
69
98
-14
-81
4
104
54
-72
-68
72
116
-22
-132
-21
140
91
-98
-123
58
154
15
-130
-56
118
107
-64
-120
25
132
44
-99
-79
78
114
-11
-101
-22
95
56
-63
-64
48
80
-17
-80
-7
71
25
-62
-37
49
42
-41
-60
12
53
-2
-63
-33
25
22
-26
-49
-22
11
7
-26
-50
-26
27
30
-40
-82
-23
58
36
-68
-92
5
72
11
-85
-67
40
67
-28
-89
-18
72
22
-83
-60
61
77
-47
-109
-7
99
33
-102
-88
57
97
-36
-122
-23
101
50
-90
-100
36
102
6
-103
-66
55
84
-22
-93
-19
73
33
-58
-48
45
55
-24
-48
11
41
6
-27
-10
25
20
-10
-16
8
35
25
-10
-13
20
43
17
-10
4
39
39
-10
-22
25
63
22
-30
-15
42
48
7
-17
6
42
28
-15
-16
28
41
-4
-34
6
60
29
-45
-50
37
81
7
-69
-33
62
76
-17
-70
0
76
42
-43
-42
35
68
6
-57
-26
59
61
-9
-51
-8
40
41
-6
-31
-1
25
7
-14
-5
3
6
0
-12
-12
-2
4
-2
-15
-11
4
-6
-27
-22
0
7
-28
-49
-18
24
4
-57
-50
25
42
-38
-84
-9
69
17
-89
-72
37
69
-28
-96
-29
67
38
-69
-74
28
69
-25
-90
-11
82
34
-84
-85
40
95
-13
-117
-54
77
76
-56
-115
-5
101
33
-97
-89
50
111
-12
-124
-53
89
82
-57
-107
2
91
32
-69
-66
33
66
0
-63
-34
46
58
-10
-61
-11
63
48
-36
-56
29
88
23
-60
-23
81
83
-23
-62
25
102
31
-71
-34
90
90
-38
-82
26
113
43
-71
-51
69
88
-16
-73
2
80
34
-45
-29
39
43
-24
-38
25
51
4
-36
-3
43
33
-17
-24
21
44
7
-35
-13
50
58
-23
-69
1
88
58
-56
-81
31
99
21
-83
-50
62
76
-28
-80
-12
71
43
-52
-73
7
71
20
-70
-60
31
54
-26
-73
-22
47
18
-59
-67
6
42
-13
-58
-24
32
13
-53
-54
12
44
-15
-70
-40
29
32
-37
-69
-10
52
14
-55
-49
20
32
-26
-46
9
35
-13
-53
-18
35
21
-44
-60
-1
50
9
-59
-42
29
49
-24
-72
-19
59
43
-54
-91
-1
84
38
-75
-86
17
78
12
-76
-51
41
65
-13
-72
-22
65
54
-43
-63
24
75
19
-53
-21
58
68
-20
-59
16
86
44
-46
-32
56
62
-12
-36
22
67
20
-41
-15
50
54
-6
-37
2
50
31
-23
-35
19
49
16
-26
-11
22
16
-4
-8
20
25
1
-15
7
40
27
-20
-31
18
51
15
-36
-22
38
42
-14
-42
6
56
26
-38
-43
23
64
15
-49
-42
27
56
3
-57
-39
34
58
-18
-71
-19
52
38
-37
-66
-11
48
19
-51
-53
7
37
-20
-66
-28
26
15
-38
-49
-6
18
-16
-49
-26
21
6
-49
-44
8
30
-12
-49
-28
20
24
-22
-40
-20
16
20
-3
-26
-28
2
21
-3
-32
-25
6
13
-14
-24
-4
2
-9
-10
1
-5
-14
-11
4
10
-19
-35
-11
21
21
-22
-51
-10
53
33
-48
-70
22
92
18
-88
-50
73
86
-36
-103
6
113
56
-78
-69
64
106
2
-77
-12
89
69
-35
-53
28
73
26
-29
-14
40
48
-2
-31
7
55
33
-21
-23
23
48
11
-35
-25
33
65
18
-56
-49
42
86
8
-79
-32
88
81
-47
-84
31
111
24
-88
-51
77
87
-29
-77
0
74
34
-45
-23
41
27
-33
-27
45
53
-27
-72
10
93
19
-95
-54
83
86
-64
-115
24
121
18
-125
-76
87
98
-67
-142
-7
125
37
-140
-121
61
120
-31
-151
-61
93
71
-79
-119
6
92
9
-109
-75
57
73
-41
-100
-15
80
44
-64
-91
3
85
39
-68
-85
13
80
20
-77
-63
32
61
-28
-85
-19
58
27
-57
-59
12
52
-5
-54
-28
21
11
-23
-25
9
21
-17
-38
3
41
7
-49
-34
49
52
-31
-61
15
76
12
-68
-28
69
62
-25
-56
22
79
28
-45
-22
60
63
-12
-38
24
57
14
-28
7
49
33
-17
-21
28
55
16
-29
-6
34
37
2
-20
-11
27
49
14
-35
-31
33
65
13
-62
-34
64
75
-18
-71
0
85
46
-58
-58
46
86
0
-79
-21
76
55
-38
-47
32
59
-16
-50
20
71
16
-69
-40
62
77
-35
-94
1
100
40
-87
-78
52
93
-20
-106
-33
79
47
-76
-93
24
74
-22
-101
-43
56
43
-53
-81
-6
41
3
-45
-36
4
14
-16
-31
-10
8
4
-21
-28
-5
23
8
-33
-45
8
57
22
-52
-58
15
56
8
-60
-46
29
47
-22
-65
-10
54
19
-59
-46
28
38
-21
-54
-4
40
0
-44
-12
40
24
-44
-48
32
66
-11
-75
-11
82
42
-57
-58
40
79
2
-63
-15
67
55
-21
-45
18
65
36
-25
-20
42
68
6
-51
-5
74
61
-22
-49
24
74
27
-39
-7
57
48
-12
-32
23
62
20
-40
-19
46
64
-6
-61
-25
59
70
-15
-78
-16
88
72
-41
-81
18
103
43
-80
-63
68
105
-12
-98
-24
99
76
-46
-77
20
79
16
-57
-24
59
42
-45
-46
42
60
-26
-70
3
70
13
-75
-48
55
60
-40
-92
-18
67
20
-72
-78
15
66
-9
-96
-51
55
58
-52
-109
-12
86
30
-92
-82
40
76
-27
-102
-36
68
50
-59
-88
8
81
21
-91
-80
50
97
-15
-115
-42
88
73
-72
-115
11
102
18
-114
-74
71
94
-45
-123
-15
101
51
-85
-92
23
83
7
-82
-41
55
48
-47
-56
31
61
-20
-78
-6
80
37
-62
-57
47
80
-8
-76
-10
86
57
-48
-62
42
100
16
-72
-22
87
82
-30
-82
14
116
61
-71
-74
66
127
10
-101
-28
107
95
-50
-93
31
116
25
-97
-46
98
100
-59
-122
16
146
61
-113
-105
78
153
2
-145
-54
136
128
-68
-146
19
166
66
-125
-110
81
147
-8
-126
-34
112
77
-65
-78
38
89
2
-80
-16
72
35
-53
-46
31
50
-17
-62
-22
39
28
-36
-59
-11
39
13
-50
-60
-3
37
-5
-69
-45
33
43
-39
-87
-10
72
13
-89
-70
41
69
-32
-98
-18
75
27
-79
-69
46
81
-32
-114
-26
105
65
-95
-124
37
130
6
-144
-81
87
102
-54
-134
-18
118
57
-101
-111
39
113
9
-113
-63
66
84
-29
-98
-20
74
41
-52
-62
16
60
8
-46
-27
23
40
9
-29
-18
31
35
-8
-28
17
58
15
-43
-8
64
57
-14
-28
26
65
26
-40
-20
63
70
-12
-58
7
79
43
-31
-29
36
55
3
-38
0
43
24
-26
-13
40
42
-29
-52
28
76
9
-73
-25
77
73
-38
-77
20
103
27
-83
-47
72
88
-22
-92
-10
93
65
-46
-73
12
75
28
-51
-43
30
46
-3
-38
-13
29
27
-11
-38
-18
21
28
-13
-43
-18
28
15
-47
-51
11
38
-15
-68
-35
28
17
-45
-49
10
20
-34
-54
8
38
-17
-65
-24
40
15
-56
-52
24
44
-27
-72
-7
60
14
-75
-56
50
78
-33
-111
-21
94
55
-81
-102
27
104
6
-111
-63
76
81
-56
-112
3
102
32
-90
-78
34
84
7
-84
-51
47
61
-16
-65
-18
40
30
-21
-41
-1
40
19
-25
-25
19
37
6
-24
3
47
24
-23
-16
46
60
3
-34
10
70
43
-35
-34
47
88
9
-65
-14
79
64
-35
-56
28
82
25
-60
-34
61
62
-28
-55
25
78
11
-78
-36
76
78
-36
-81
14
97
40
-67
-54
53
89
-3
-76
-17
81
62
-35
-69
8
78
48
-44
-62
15
75
32
-52
-48
16
59
20
-47
-51
17
59
10
-64
-43
47
53
-37
-73
-3
64
12
-73
-56
33
49
-38
-80
-13
49
6
-67
-51
24
32
-42
-61
5
42
-15
-68
-31
36
23
-48
-59
15
42
-20
-61
-6
40
-3
-54
-18
49
28
-51
-58
20
60
-5
-74
-35
46
43
-37
-72
-5
58
24
-68
-68
29
73
-1
-80
-58
31
71
-3
-71
-35
40
40
-18
-43
-9
29
27
-9
-40
-20
42
51
-22
-59
10
74
21
-57
-23
70
63
-32
-57
38
95
23
-59
-21
74
58
-30
-37
41
71
4
-48
-3
68
45
-34
-38
40
75
6
-54
-20
56
50
-22
-40
22
51
-5
-48
4
63
26
-46
-31
46
64
-6
-54
0
63
40
-33
-36
35
61
2
-55
-18
58
56
-24
-62
-3
61
39
-36
-48
12
51
17
-33
-33
17
49
9
-52
-44
42
66
-19
-84
-17
66
34
-73
-81
35
82
-30
-117
-36
77
41
-84
-93
27
84
-17
-116
-49
79
59
-76
-112
7
90
11
-101
-69
53
66
-39
-87
-14
58
21
-46
-32
23
21
-23
-24
6
15
-13
-29
-20
3
9
-12
-27
-14
1
2
-13
-24
-5
18
5
-36
-45
10
52
7
-65
-52
36
67
-5
-77
-36
61
67
-31
-83
-10
89
55
-61
-76
41
109
16
-85
-35
83
84
-26
-72
18
109
41
-64
-39
60
77
-3
-45
7
64
32
-31
-16
46
53
-9
-35
9
55
37
-24
-32
16
49
29
-20
-29
10
33
17
-13
-19
12
39
12
-19
-7
28
28
-5
-16
11
29
8
-12
-1
23
13
-6
-5
13
17
-3
-16
5
31
17
-20
-27
17
44
6
-48
-27
43
43
-32
-62
8
58
4
-64
-43
29
36
-37
-74
-9
51
6
-79
-65
31
57
-33
-86
-22
53
10
-62
-47
26
31
-32
-64
-11
47
17
-57
-55
16
52
7
-58
-55
14
62
14
-54
-52
18
47
0
-51
-35
24
34
-26
-63
-9
47
14
-49
-48
15
34
-12
-45
-12
36
1
-53
-28
49
37
-50
-68
21
84
6
-95
-49
87
88
-62
-115
22
130
33
-111
-68
92
114
-34
-107
11
120
57
-70
-58
68
106
-4
-82
-15
94
76
-27
-55
20
75
36
-38
-24
45
59
0
-34
-2
50
40
-16
-35
14
56
36
-31
-51
11
73
34
-50
-52
37
81
7
-62
-18
66
61
-32
-59
20
73
18
-58
-30
59
60
-32
-46
34
66
-6
-62
-2
77
36
-64
-53
57
80
-36
-100
1
102
30
-97
-71
66
86
-43
-115
-20
86
36
-76
-80
18
63
-20
-87
-42
41
30
-41
-61
-11
21
0
-32
-31
-1
5
-14
-22
-11
2
3
-17
-30
-12
17
14
-31
-49
0
51
23
-56
-66
19
71
4
-87
-60
50
69
-46
-105
0
102
28
-108
-86
73
103
-41
-120
-11
100
32
-88
-54
64
52
-61
-76
38
87
-15
-98
-16
94
51
-75
-73
58
101
-12
-100
-12
94
62
-51
-67
39
97
23
-67
-31
89
96
-25
-88
5
113
72
-55
-76
36
112
31
-77
-42
81
96
-24
-89
5
106
55
-79
-74
59
119
13
-107
-70
82
123
-8
-120
-40
112
101
-58
-113
21
129
45
-90
-69
72
109
-14
-100
-18
100
63
-60
-69
40
73
-7
-57
-2
54
19
-41
-19
46
31
-43
-47
29
54
-16
-65
-16
56
30
-57
-62
18
53
-7
-72
-44
32
34
-40
-72
-18
45
15
-61
-62
11
41
-11
-65
-37
28
30
-38
-58
-6
39
4
-54
-43
25
48
-22
-82
-25
72
58
-60
-109
-2
110
50
-98
-110
35
113
-2
-125
-62
87
88
-63
-126
-5
110
46
-93
-92
36
85
-4
-78
-33
49
33
-36
-41
15
39
-10
-39
1
39
10
-32
-16
31
30
-19
-30
13
47
18
-26
-8
40
41
2
-17
21
55
31
-17
-22
24
65
38
-29
-37
37
75
11
-53
-16
63
65
-23
-65
18
93
21
-82
-45
89
97
-45
-120
-1
138
69
-100
-101
70
137
-1
-121
-38
112
93
-59
-103
28
122
35
-94
-67
65
99
-12
-86
-15
84
48
-54
-64
36
78
-4
-78
-23
67
43
-50
-65
18
64
0
-60
-34
36
39
-30
-56
-9
31
4
-46
-43
3
16
-28
-53
-21
31
24
-42
-66
-5
47
6
-61
-50
18
34
-25
-59
-17
37
19
-43
-50
14
47
-10
-71
-27
64
49
-64
-88
28
93
-2
-99
-48
62
57
-49
-81
7
71
9
-80
-54
42
64
-24
-81
-19
52
27
-41
-44
11
32
-5
-32
-11
21
14
-14
-19
7
17
5
-9
-2
10
11
4
-7
0
25
29
0
-15
18
47
22
-26
-4
59
52
-27
-45
44
94
9
-80
-21
92
80
-41
-76
29
108
28
-79
-41
72
83
-28
-84
12
111
38
-98
-73
77
118
-22
-116
-12
117
69
-72
-80
53
112
2
-97
-27
95
75
-52
-89
21
106
37
-70
-55
35
71
8
-52
-29
38
46
-10
-36
-5
22
15
-11
-26
-13
18
22
-11
-35
-9
20
4
-34
-34
9
25
-25
-62
-18
33
0
-57
-37
32
26
-54
-76
9
62
-11
-88
-39
58
43
-67
-90
12
82
0
-96
-41
75
50
-76
-87
44
106
-11
-123
-48
99
77
-77
-117
11
104
16
-98
-70
51
80
-27
-100
-27
76
51
-52
-87
-8
72
37
-56
-68
12
61
14
-53
-39
22
44
-1
-42
-11
43
39
-24
-40
18
58
13
-45
-21
54
58
-15
-52
24
86
27
-55
-19
71
59
-35
-49
45
94
9
-75
-17
92
73
-42
-67
31
94
21
-69
-33
71
66
-37
-65
32
87
-1
-95
-25
103
81
-60
-99
29
125
36
-95
-62
77
100
-26
-89
3
96
37
-66
-46
49
69
-7
-53
-13
43
36
-7
-30
-6
33
27
-11
-34
-13
26
27
-17
-40
-4
42
16
-44
-45
23
37
-22
-63
-14
46
14
-67
-59
25
37
-33
-72
-5
52
-4
-86
-50
45
47
-46
-93
-14
65
28
-71
-73
24
65
-12
-75
-33
43
28
-42
-43
24
37
-28
-50
2
37
-3
-55
-38
30
31
-28
-55
-2
46
6
-62
-46
34
56
-12
-75
-45
39
55
-18
-70
-27
48
42
-31
-56
-3
51
28
-38
-48
13
69
26
-62
-54
59
92
-19
-93
0
115
65
-74
-74
67
125
10
-94
-29
107
88
-48
-76
43
111
19
-74
-27
76
77
-24
-63
16
78
31
-45
-29
38
48
-7
-26
17
33
-13
-25
23
46
0
-35
6
51
21
-29
-16
39
37
-16
-32
18
47
9
-38
-18
43
55
-1
-41
-9
31
25
-6
-6
17
13
-12
-8
22
9
-29
-18
31
26
-34
-43
21
43
-21
-61
-6
45
5
-64
-39
35
25
-53
-64
6
37
-14
-59
-28
19
1
-44
-31
17
16
-30
-47
1
30
-9
-45
-26
17
18
-13
-31
-11
7
-2
-9
1
2
-19
-28
5
32
-11
-53
-26
30
27
-29
-54
-11
43
21
-46
-45
21
42
-11
-46
-25
19
23
-13
-36
-20
15
29
-1
-25
-16
13
21
-6
-17
-2
21
15
0
-11
-6
16
23
6
-7
5
29
20
2
6
31
29
4
-1
17
26
14
8
18
20
4
1
23
28
8
-7
14
30
12
-3
6
18
17
3
-6
9
21
9
-10
-8
18
30
6
-13
-2
21
30
7
-10
-5
18
23
0
-7
4
23
20
-6
-18
6
30
32
-4
-34
-15
38
47
-10
-51
-7
57
39
-42
-61
14
71
14
-72
-49
44
60
-21
-74
-21
52
26
-59
-59
17
42
-26
-81
-24
45
15
-61
-61
12
39
-19
-64
-23
36
17
-49
-56
8
38
-14
-61
-28
36
31
-28
-53
-12
17
15
-1
-18
-24
-4
14
2
-27
-27
1
12
-4
-30
-19
9
18
-15
-37
-12
23
12
-28
-30
7
14
-10
-21
7
21
-16
-34
3
40
7
-46
-28
40
47
-31
-54
19
66
9
-57
-32
54
66
-16
-53
16
78
27
-45
-19
61
66
-6
-42
3
62
40
-15
-17
28
43
8
-21
8
50
29
-23
-24
33
58
8
-35
-18
34
47
5
-39
-32
25
61
16
-60
-36
56
70
-11
-56
5
71
29
-40
-38
37
62
0
-48
-10
45
36
-14
-24
11
29
9
-16
2
20
12
-18
-9
29
23
-27
-37
17
44
-4
-55
-21
46
36
-46
-68
3
57
3
-66
-43
24
27
-41
-64
-6
36
6
-48
-52
3
32
-8
-49
-35
13
21
-22
-51
-16
28
12
-41
-53
6
49
4
-63
-45
34
53
-12
-68
-35
48
51
-44
-87
-3
73
18
-84
-62
47
60
-36
-87
-12
62
25
-44
-50
7
35
-3
-29
-10
14
-2
-25
-8
28
7
-39
-32
29
48
-14
-55
-2
59
27
-44
-45
36
68
7
-51
-13
62
58
-18
-40
23
77
37
-45
-28
52
66
-3
-38
5
57
33
-19
-17
29
49
17
-22
-16
30
50
8
-44
-24
41
61
0
-62
-32
54
73
-9
-80
-20
83
73
-43
-76
27
102
22
-80
-38
75
77
-35
-78
14
83
31
-53
-37
48
47
-25
-44
24
57
-6
-49
-5
48
14
-44
-25
36
30
-36
-51
5
48
9
-53
-45
20
35
-25
-61
-21
21
4
-40
-42
-4
17
-4
-32
-33
-11
8
2
-28
-37
-8
16
-15
-42
-20
19
10
-29
-43
9
41
-6
-64
-33
46
60
-31
-89
-14
83
38
-80
-85
33
85
-9
-97
-39
67
58
-56
-92
7
80
19
-71
-59
26
51
-5
-47
-16
31
11
-36
-25
28
22
-36
-42
25
55
-9
-54
-2
59
28
-46
-38
38
68
15
-46
-17
54
62
1
-42
1
71
55
-26
-53
22
84
33
-39
-28
39
62
10
-40
-9
59
57
-20
-50
22
74
12
-64
-23
78
70
-47
-96
19
118
36
-90
-62
78
111
-20
-101
-7
112
63
-74
-83
55
116
5
-98
-34
85
71
-42
-66
17
65
15
-47
-19
41
29
-31
-31
28
37
-19
-37
9
37
-2
-46
-21
33
22
-31
-43
-3
28
-3
-43
-38
3
16
-11
-47
-41
17
35
-13
-70
-49
23
45
-18
-75
-37
35
35
-39
-68
-5
44
-2
-66
-29
52
37
-66
-83
33
106
6
-124
-73
91
112
-62
-153
-18
137
61
-123
-120
58
130
-15
-148
-53
111
88
-80
-129
11
109
30
-100
-78
57
92
-28
-106
-19
89
45
-63
-62
32
69
-4
-55
-11
57
35
-33
-39
31
67
18
-38
-24
46
75
5
-49
-6
72
66
-26
-68
14
101
50
-60
-61
51
101
9
-79
-17
91
70
-49
-70
40
96
3
-83
-15
98
57
-77
-85
60
121
-7
-122
-27
125
92
-73
-106
43
130
28
-107
-63
85
111
-26
-108
-19
97
72
-43
-75
8
70
31
-37
-32
20
30
-3
-22
0
13
5
0
-2
-8
-6
-2
1
-3
2
-8
-23
-18
5
12
-18
-42
-26
9
7
-27
-43
-8
25
-10
-59
-35
29
35
-43
-72
-10
50
13
-69
-54
36
49
-31
-73
-8
55
10
-70
-40
55
62
-45
-96
-1
90
27
-90
-76
47
72
-32
-95
-17
76
26
-76
-73
40
75
-12
-86
-37
41
40
-25
-50
-3
34
10
-31
-25
10
25
6
-14
-17
3
21
21
-15
-33
4
53
31
-36
-42
34
81
18
-55
-15
74
66
-32
-43
40
69
-4
-44
28
82
16
-66
-15
88
70
-45
-73
37
108
23
-81
-31
83
70
-45
-67
41
89
0
-89
-20
92
60
-60
-76
42
104
15
-82
-35
74
75
-26
-72
4
83
37
-58
-51
45
78
6
-62
-35
50
68
-7
-63
-13
56
31
-40
-43
17
54
11
-46
-28
29
35
-25
-47
4
36
-8
-61
-34
34
30
-49
-86
-7
68
10
-93
-74
52
77
-46
-121
-24
95
48
-95
-105
32
102
-5
-116
-58
76
69
-60
-100
4
84
10
-88
-37
82
53
-79
-88
45
91
-24
-106
-29
77
40
-69
-75
24
69
-12
-81
-34
42
37
-33
-56
-15
33
26
-22
-40
-7
30
24
-18
-38
-1
35
18
-32
-33
20
43
-2
-40
-14
39
41
-12
-32
11
51
23
-23
-9
43
52
-2
-33
22
62
14
-36
-5
63
55
-26
-47
31
82
21
-48
-24
55
63
-11
-46
7
61
31
-41
-27
44
51
-31
-53
26
69
2
-60
-13
65
54
-31
-51
21
68
16
-48
-23
51
53
-15
-48
1
50
42
-12
-39
-12
34
39
-3
-37
-17
29
39
-3
-44
-18
44
41
-36
-64
8
61
12
-60
-46
27
40
-31
-72
-18
47
13
-64
-64
15
45
-16
-69
-28
33
16
-47
-49
9
34
-21
-64
-17
41
13
-56
-53
18
45
-13
-63
-20
35
14
-36
-22
22
10
-29
-28
10
15
-14
-31
-11
10
1
-23
-26
0
14
-2
-26
-17
13
16
-18
-36
-15
31
30
-24
-56
-3
49
34
-33
-59
-5
58
32
-46
-57
26
73
20
-62
-52
39
82
18
-63
-37
63
83
-5
-60
4
85
56
-36
-47
31
74
23
-31
-8
40
40
-2
-12
19
40
12
-12
1
33
29
-9
-24
10
40
19
-23
-19
8
21
14
1
-14
1
29
27
-4
-22
8
40
27
-22
-25
21
46
14
-23
-4
29
13
-12
10
34
-6
-34
4
47
14
-45
-32
42
59
-20
-73
-11
71
34
-61
-63
29
68
-12
-82
-34
54
39
-55
-78
6
55
-13
-79
-41
32
27
-33
-57
-14
25
4
-37
-38
2
12
-20
-37
-15
7
7
-19
-35
-17
19
20
-21
-52
-20
37
34
-24
-59
-15
48
29
-53
-62
16
53
-9
-65
-27
38
31
-36
-57
2
42
0
-44
-20
22
9
-33
-26
22
26
-22
-42
8
46
2
-51
-18
51
33
-45
-45
37
64
-13
-68
-4
74
48
-40
-47
37
77
14
-47
-11
74
64
-13
-40
14
58
36
-10
-15
19
50
24
-22
-9
40
47
-4
-35
8
58
34
-42
-43
37
76
10
-57
-32
42
62
-4
-59
-17
67
53
-31
-50
25
61
12
-36
-19
34
51
9
-31
-23
21
42
14
-14
-13
4
15
17
9
-9
-14
5
22
13
-17
-27
3
31
6
-38
-26
18
27
-13
-35
-12
15
-3
-25
-23
2
2
-29
-40
-9
9
-14
-31
-18
0
-9
-30
-24
2
1
-20
-27
-13
3
-8
-22
-13
-3
-6
-18
-3
7
-10
-31
-12
26
22
-39
-62
16
70
-3
-86
-39
64
51
-50
-82
5
71
12
-78
-51
50
57
-34
-74
-12
41
19
-30
-30
6
14
-11
-24
2
22
-4
-27
-5
31
14
-29
-23
32
44
-12
-39
1
46
35
-11
-21
15
43
27
-3
0
27
38
12
-11
3
37
38
7
-17
9
37
24
-6
-5
20
34
10
-18
-1
31
24
-15
-22
20
52
20
-37
-37
32
67
7
-57
-20
62
60
-32
-63
19
85
31
-63
-45
57
77
-16
-66
-3
71
34
-39
-31
30
39
-13
-29
9
41
4
-39
-12
39
21
-39
-31
26
33
-22
-47
3
42
5
-54
-43
28
36
-29
-57
-11
28
-3
-53
-46
4
28
-6
-54
-46
7
26
-5
-45
-37
9
18
-22
-45
-17
26
15
-33
-47
2
36
0
-55
-43
34
58
-17
-80
-32
65
53
-53
-85
5
72
14
-70
-60
26
58
-9
-70
-30
41
36
-31
-56
-14
37
31
-23
-47
-9
35
20
-28
-32
13
30
-3
-20
3
23
5
-19
-3
27
15
-21
-14
33
44
0
-33
3
58
37
-22
-20
39
56
-1
-42
11
76
43
-45
-43
48
78
2
-58
-8
73
60
-34
-60
29
82
16
-65
-22
76
70
-47
-99
16
122
48
-103
-86
83
135
-12
-129
-35
119
99
-65
-113
24
131
39
-99
-72
73
100
-13
-83
-10
64
40
-32
-42
19
55
4
-51
-14
49
31
-31
-41
11
37
-2
-42
-14
26
16
-31
-37
4
16
-8
-35
-26
-5
-3
-18
-22
-15
1
-6
-26
-35
-15
12
0
-31
-31
-4
4
-15
-25
-4
9
-13
-40
-17
30
28
-37
-64
10
81
18
-103
-73
72
105
-45
-143
-25
121
62
-108
-120
48
125
-11
-138
-61
99
88
-69
-118
6
99
25
-92
-62
53
71
-32
-84
0
74
21
-62
-37
41
47
-19
-44
1
45
27
-26
-31
24
55
18
-33
-19
50
65
-2
-38
4
66
46
-31
-42
48
99
12
-82
-23
99
90
-43
-92
20
116
48
-81
-58
72
98
-21
-96
3
112
51
-93
-84
72
127
-17
-128
-14
132
73
-91
-95
66
129
-5
-117
-24
114
83
-70
-95
39
110
19
-72
-37
49
55
-18
-45
5
49
17
-38
-23
28
29
-18
-30
3
27
0
-32
-23
17
30
-14
-54
-28
27
27
-33
-59
-25
23
11
-42
-51
1
30
-14
-71
-31
42
26
-52
-65
9
49
-10
-65
-27
45
28
-50
-62
26
57
-13
-76
-23
61
45
-57
-80
18
83
1
-95
-54
60
64
-47
-97
-7
82
34
-81
-73
38
75
-17
-86
-26
55
37
-42
-55
12
47
-1
-50
-18
34
20
-27
-30
14
33
7
-17
-12
19
20
-4
-13
8
27
17
-12
-11
32
46
9
-26
0
48
53
-7
-50
2
84
61
-38
-69
31
104
33
-72
-45
74
93
-21
-79
8
94
35
-66
-47
61
83
-28
-96
8
117
40
-97
-67
82
113
-25
-110
-2
118
63
-79
-82
55
110
0
-95
-29
83
66
-26
-58
6
56
23
-26
-25
21
33
-3
-23
-3
16
5
-7
-6
-7
-4
4
2
-19
-24
4
24
-9
-48
-28
23
17
-40
-60
-11
25
-2
-42
-30
5
10
-29
-48
-12
27
9
-48
-53
14
40
-18
-60
-19
34
13
-36
-30
9
7
-17
-14
14
10
-33
-31
25
29
-34
-63
-4
57
16
-63
-49
28
54
-11
-73
-29
50
49
-29
-75
-22
54
49
-34
-75
-12
72
39
