#8
-358
217
442
-21
-446
-173
373
333
-225
-440
49
464
156
-396
-317
249
429
-52
-440
-128
382
304
-239
-395
85
442
126
-368
-274
260
402
-88
-421
-82
382
257
-259
-364
95
417
88
-380
-249
264
376
-115
-425
-75
386
242
-279
-366
110
418
73
-394
-245
280
373
-111
-412
-52
390
237
-270
-329
141
415
57
-360
-186
312
365
-127
-390
-4
430
224
-284
-308
175
435
54
-370
-163
333
343
-160
-378
42
426
177
-316
-283
223
410
-15
-382
-127
351
299
-199
-366
63
418
146
-330
-271
227
401
-32
-388
-124
377
314
-203
-385
71
437
142
-346
-254
267
408
-55
-395
-91
393
299
-240
-360
114
449
111
-369
-246
297
401
-97
-410
-59
413
262
-279
-358
124
417
72
-373
-226
268
339
-120
-391
-47
358
208
-271
-334
118
371
54
-355
-227
249
323
-107
-384
-80
339
225
-245
-339
86
373
74
-358
-233
253
344
-104
-394
-62
369
224
-269
-332
130
386
42
-365
-185
289
296
-155
-372
5
367
146
-303
-274
178
327
-48
-335
-105
259
207
-167
-292
24
290
87
-256
-215
153
272
-42
-295
-86
247
207
-150
-274
48
292
100
-231
-190
169
296
-10
-281
-90
280
243
-141
-278
53
329
114
-242
-193
185
305
-24
-278
-70
275
219
-153
-266
62
322
97
-250
-181
195
293
-58
-287
-48
280
189
-185
-247
92
317
66
-274
-156
229
280
-75
-289
-39
305
202
-189
-249
109
326
71
-253
-154
205
277
-54
-251
-36
270
184
-162
-223
87
288
57
-234
-146
191
256
-72
-286
-59
280
179
-217
-270
80
301
45
-294
-183
201
240
-114
-304
-38
263
138
-230
-260
107
277
-8
-294
-138
212
221
-143
-283
-6
276
110
-232
-217
125
261
-17
-272
-96
210
184
-129
-227
19
229
83
-176
-157
106
198
-23
-218
-64
173
133
-114
-199
20
195
51
-187
-147
112
181
-44
-226
-65
174
120
-140
-190
34
192
35
-183
-131
119
177
-43
-200
-38
175
114
-121
-155
69
197
39
-159
-86
138
168
-42
-168
-2
193
107
-120
-117
96
183
2
-144
-47
146
141
-60
-141
15
164
88
-107
-113
73
158
16
-127
-55
126
124
-61
-138
5
160
70
-119
-106
100
155
-22
-139
-23
150
114
-78
-137
30
183
78
-126
-102
97
178
5
-132
-45
133
127
-54
-122
29
161
61
-110
-84
97
123
-18
-113
-31
111
95
-68
-128
26
132
38
-122
-100
70
108
-22
-126
-52
86
82
-71
-127
-3
105
31
-115
-96
59
111
-36
-146
-43
114
76
-95
-121
13
111
26
-109
-76
60
89
-29
-92
-18
69
43
-54
-62
12
69
9
-61
-52
40
53
-19
-66
-25
41
32
-45
-65
-6
54
9
-65
-54
9
43
-4
-65
-42
20
33
-23
-60
-23
35
34
-36
-51
21
56
14
-52
-29
42
62
-12
-60
3
83
57
-47
-51
51
86
24
-49
-24
75
70
-17
-50
20
77
33
-40
-30
48
69
8
-41
-2
51
42
-15
-28
10
47
18
-22
-3
28
24
7
-19
-5
16
31
9
-14
-6
33
27
-4
-13
10
45
24
-15
-10
29
61
12
-19
4
49
34
-18
-15
51
65
-9
-50
14
82
32
-54
-35
53
65
-14
-53
3
37
7
-24
-23
2
15
-6
-6
-15
-32
-18
14
22
-31
-56
-2
37
-14
-67
-36
40
42
-42
-76
-13
47
28
-59
-75
15
63
7
-71
-55
32
65
-9
-72
-42
45
69
-21
-77
-23
67
42
-57
-64
21
57
10
-72
-52
27
50
-10
-77
-38
40
32
-34
-80
-13
45
0
-55
-41
17
29
-22
-60
-29
41
29
-44
-53
23
55
-4
-46
-12
53
54
-28
-51
23
84
24
-61
-22
78
82
-20
-69
10
92
58
-36
-59
26
88
50
-39
-51
35
88
15
-53
-23
68
57
-27
-51
8
69
37
-45
-37
43
67
-8
-50
-5
55
45
-23
-55
7
69
49
-29
-49
29
74
10
-50
-5
71
49
-20
-52
25
88
39
-62
-46
67
100
4
-83
-22
102
86
-62
-100
34
129
23
-111
-63
97
83
-49
-113
-7
103
42
-105
-89
47
100
-13
-134
-57
92
76
-83
-134
6
107
13
-117
-89
62
101
-36
-125
-52
93
71
-82
-119
17
108
25
-112
-75
66
91
-22
-98
-40
73
68
-43
-96
-14
80
53
-74
-93
16
101
10
-125
-82
76
93
-55
-143
-28
109
55
-107
-123
41
114
-12
-146
-70
103
95
-74
-135
-4
120
46
-88
-89
46
122
17
-105
-64
92
114
-31
-98
12
120
52
-80
-53
83
112
-20
-85
1
104
72
-59
-88
30
128
63
-75
-79
38
117
36
-92
-63
79
112
-15
-113
-31
115
83
-70
-92
61
113
-2
-116
-33
112
90
-67
-104
31
142
39
-103
-68
92
126
-18
-110
-13
132
98
-58
-108
34
144
49
-111
-75
98
134
-15
-120
-39
134
106
-78
-139
25
160
40
-148
-105
98
133
-42
-165
-37
135
68
-127
-140
42
129
-8
-150
-81
94
97
-63
-141
-19
101
45
-98
-102
40
104
-11
-129
-73
86
103
-49
-126
-19
104
52
-84
-98
34
120
14
-123
-71
85
88
-42
-126
-15
103
56
-112
-120
45
134
-14
-154
-66
116
90
-101
-167
7
157
37
-156
-128
79
144
-37
-176
-52
133
110
-89
-146
15
132
47
-97
-76
68
106
-14
-83
-7
91
58
-41
-53
29
90
36
-55
-50
66
110
2
-84
-25
98
89
-32
-86
4
110
75
-64
-83
35
118
24
-94
-44
85
94
-40
-107
2
133
56
-97
-86
75
125
-18
-128
-19
126
81
-64
-92
43
108
31
-68
-42
70
88
-20
-71
15
104
43
-64
-51
75
107
-23
-98
5
121
58
-79
-79
44
119
13
-94
-64
53
87
-25
-108
-23
80
44
-63
-96
-18
84
48
-84
-109
9
90
3
-110
-76
62
75
-45
-121
-27
85
57
-80
-108
18
93
13
-101
-69
58
90
-38
-114
-10
102
45
-98
-97
48
109
0
-116
-59
84
72
-63
-107
-3
86
27
-84
-83
20
73
-7
-93
-60
51
52
-47
-89
-15
62
16
-64
-63
12
61
6
-77
-50
47
68
-17
-78
-16
84
68
-53
-76
32
101
31
-67
-34
70
80
-22
-61
-2
96
64
-39
-68
41
105
16
-68
-27
72
91
-25
-81
11
103
50
-61
-51
45
84
2
-79
-20
81
68
-54
-69
16
89
33
-67
-48
58
80
-9
-70
-6
68
54
-40
-43
36
79
2
-55
-12
69
63
-10
-53
12
71
37
-32
-43
40
81
12
-49
-29
43
62
-15
-65
-19
58
48
-44
-77
-4
68
17
-84
-56
35
51
-37
-78
-18
43
21
-64
-71
9
68
-9
-85
-51
41
45
-41
-78
-5
45
12
-48
-49
8
36
4
-48
-32
23
25
-11
-42
0
30
12
-24
-48
1
35
-1
-60
-41
34
39
-27
-66
-19
34
20
-50
-55
-2
36
-2
-46
-40
0
21
-16
-42
-27
6
22
-5
-43
-19
21
34
-6
-54
-15
59
46
-32
-43
26
53
21
-34
-18
35
49
7
-34
5
55
26
-18
-27
36
56
4
-30
16
50
23
-17
-14
23
47
4
-30
2
46
35
-27
-30
13
50
17
-37
-31
16
57
9
-40
-9
29
29
-15
-25
10
52
14
-40
-13
56
62
-13
-47
3
65
52
-17
-31
17
55
42
-23
-29
30
53
22
-30
-16
30
29
-8
-27
-9
43
6
-44
-29
22
23
-42
-55
-2
42
1
-69
-55
27
48
-27
-80
-34
40
22
-51
-61
3
41
-11
-69
-34
43
36
-51
-78
0
50
9
-49
-39
15
36
-4
-45
-31
8
47
3
-52
-45
26
49
-12
-76
-44
40
46
-31
-81
-17
42
16
-62
-59
25
42
-32
-64
-33
38
30
-59
-72
2
54
3
-72
-47
36
45
-23
-44
-7
40
13
-28
-13
21
46
0
-33
5
50
30
-16
-11
17
35
24
-1
-4
7
26
37
11
-21
-4
48
50
-19
-36
23
64
13
-39
-19
50
46
-21
-36
16
47
21
-27
-25
19
46
9
-35
-21
35
39
-7
-38
5
57
31
-25
-33
26
57
22
-37
-12
51
53
-5
-28
17
41
26
-7
1
22
21
-1
19
14
4
2
9
-3
-8
7
2
-5
-12
-1
-4
-12
-17
-13
-9
-2
-17
-23
-16
5
-5
-41
-38
9
29
-15
-58
-30
30
14
-56
-56
21
45
-15
-63
-38
24
39
-20
-67
-12
51
24
-50
-55
18
53
1
-61
-36
28
45
-21
-57
-24
36
25
-38
-47
-1
25
-12
-47
-25
12
10
-33
-50
-6
31
2
-53
-54
2
37
3
-53
-54
22
51
-1
-61
-25
44
46
-31
-67
26
72
30
-55
-39
54
73
-4
-61
-9
79
66
-18
-55
8
78
45
-31
-34
35
69
14
-35
-3
61
40
-31
-29
37
67
-1
-41
-14
49
47
-15
-38
8
55
23
-52
-41
39
68
4
-55
-22
44
52
-1
-36
-1
51
37
-23
-20
27
40
29
-8
-15
24
43
22
-4
-3
22
49
10
-31
-12
51
42
-15
-47
2
51
16
-35
-34
3
29
-8
-36
-18
6
2
-27
-29
-4
2
-13
-33
-28
8
9
-36
-46
-10
31
-6
-54
-40
21
21
-18
-45
-15
16
9
-17
-36
-10
20
7
-32
-20
14
9
-9
-21
-5
11
-6
-21
-13
-2
15
-13
-27
-6
-6
-4
-14
-18
-15
-14
-2
-7
-23
-23
-7
4
-11
-38
-31
17
11
-44
-40
5
31
-19
-52
-9
43
33
-37
-49
22
63
11
-52
-24
61
61
-26
-47
24
79
34
-49
-31
60
69
5
-54
-1
83
48
-39
-38
34
86
21
-55
-26
56
64
-13
-55
-5
67
34
-36
-45
27
56
2
-50
-20
38
45
-11
-37
-3
44
17
-17
-9
14
36
18
-12
1
28
32
6
-13
14
36
26
-5
0
22
35
16
-6
9
32
15
-16
-12
25
26
-11
-20
10
10
-3
-21
-17
7
12
-19
-36
-4
19
-11
-54
-20
8
14
-20
-45
-24
9
10
-31
-36
-18
10
3
-25
-28
-16
3
7
-17
-36
-18
11
11
-15
-32
-15
23
8
-32
-41
19
49
-20
-70
-9
54
26
-61
-59
-2
55
20
-65
-52
8
36
-13
-60
-31
16
22
-39
-59
-5
39
-1
-61
-36
16
26
-31
-53
-1
42
5
-43
-42
25
53
10
-41
-19
35
49
11
-47
-11
50
55
-16
-36
25
64
33
-24
-24
40
76
22
-47
-4
59
52
-10
-39
10
65
36
-23
-36
22
60
28
-41
-40
29
64
15
-45
-25
36
59
-11
-55
-1
59
35
-30
-25
29
52
9
-34
1
48
31
-9
-11
12
40
29
-9
-13
30
35
13
-2
-7
25
34
1
-24
10
37
10
-33
-23
30
26
-28
-39
-3
19
1
-15
-17
-20
-7
-4
-13
-23
-24
2
0
-35
-32
-12
14
-6
-39
-30
10
14
-30
-45
-5
32
-9
-41
-22
12
5
-22
-28
6
13
-9
-20
-22
4
13
-15
-26
2
16
-7
-28
-15
2
2
-19
-22
-12
5
-3
-18
-26
-12
-7
-14
-14
-12
-27
-8
-2
-19
-34
-2
10
-26
-29
-5
11
3
-19
-22
-2
29
12
-17
-7
6
25
19
-5
-5
19
28
11
0
2
21
33
11
-16
7
43
42
-16
-25
29
53
17
-31
-12
47
45
-7
-45
-3
65
50
-43
-50
18
70
14
-53
-22
35
38
-17
-29
8
39
10
-17
-17
21
34
16
-14
-2
23
39
11
-23
-5
39
60
8
-47
-11
70
61
-24
-63
22
85
22
-52
-28
49
63
-27
-66
-1
62
32
-52
-71
15
67
0
-83
-42
45
34
-43
-62
-5
42
3
-50
-52
5
37
-13
-51
-37
18
24
-23
-50
-8
24
2
-50
-28
18
17
-24
-51
0
37
3
-53
-32
27
44
-7
-51
-31
31
41
-22
-66
-20
58
19
-52
-61
20
58
-14
-75
-30
36
24
-46
-76
0
65
-2
-83
-61
34
62
-19
-84
-41
43
58
-17
-83
-13
60
52
-31
-51
19
57
15
-32
-9
53
47
-14
-29
16
56
37
-21
-14
36
68
6
-35
6
48
38
2
-15
26
36
2
-22
6
46
27
-8
-21
13
26
13
-12
-10
3
36
30
-19
-32
16
50
10
-48
-13
58
49
-28
-42
23
65
33
-37
-27
39
60
0
-32
5
70
38
-23
-31
37
62
7
-39
-15
48
53
0
-47
-19
41
33
-15
-42
-9
33
20
-26
-61
-6
46
11
-62
-50
21
31
-19
-50
-26
24
4
-42
-42
-5
18
-9
-44
-34
13
28
-18
-57
-22
26
16
-28
-50
-11
24
12
-38
-30
10
39
-4
-42
-21
16
6
-26
-22
4
19
-7
-36
-20
5
12
-17
-43
-17
24
15
-45
-42
-15
22
9
-43
-54
2
21
-12
-47
-17
24
12
-33
-41
7
36
7
-34
-8
39
23
-24
-26
26
60
10
-42
-16
61
63
-15
-45
19
77
44
-41
-43
46
84
9
-53
-9
67
59
-28
-46
23
65
20
-24
-17
15
44
0
-31
-8
33
44
-1
-47
-10
53
30
-27
-34
28
45
6
-28
-6
41
46
-9
-34
14
60
31
-31
-19
45
70
5
-59
-4
87
65
-30
-70
9
87
56
-47
-57
23
72
26
-66
-55
38
62
-14
-61
-31
26
16
-14
-38
-15
11
-6
-18
-28
-12
7
0
-33
-32
3
14
-17
-45
-23
26
14
-47
-46
14
28
-29
-46
-7
23
6
-48
-14
29
7
-31
-20
6
18
5
-28
-22
10
12
-8
-26
-20
8
8
-14
-18
-13
-17
-9
7
-10
-31
-20
-5
-2
-21
-20
-13
-14
-17
-15
-4
-2
-22
-32
1
25
0
-24
-22
11
32
12
-17
-15
29
42
8
-36
-6
61
45
-16
-25
26
70
14
-36
1
55
34
-11
-20
20
59
26
-29
-30
40
63
-3
-36
-3
50
31
-34
-32
42
65
-9
-51
-3
46
35
-29
-36
18
47
18
-24
-21
31
34
10
-2
-2
10
33
29
-1
-23
24
58
29
-31
-13
41
54
-2
-32
11
48
37
-21
-39
28
58
11
-60
-24
54
45
-48
-69
12
64
5
-71
-52
28
37
-12
-53
-28
17
12
-25
-46
-17
12
-1
-28
-37
-15
9
-4
-26
-22
-6
-10
-12
-11
-8
-21
-7
10
-9
-20
-3
-4
3
-2
-15
-1
-6
-25
0
20
9
-29
-36
-5
36
-6
-54
-19
27
2
-48
-34
17
16
-33
-51
-14
29
13
-46
-62
9
26
-6
-47
-30
26
19
-27
-42
15
40
3
-39
-9
40
36
-18
-26
25
48
13
-22
1
45
28
-9
-12
28
43
19
-7
-8
27
36
16
-12
-8
32
41
4
-11
-2
4
35
16
-10
3
19
22
-8
-27
10
33
20
-11
-18
10
29
8
-13
-9
20
38
14
-16
-5
27
43
10
-25
0
51
41
-22
-23
37
69
5
-45
8
64
40
-32
-35
33
61
8
-55
-13
48
33
-41
-42
14
31
2
-31
-25
-4
9
-1
-17
-30
-22
0
7
-13
-38
-22
1
1
-19
-34
-17
-3
-10
-29
-20
-2
-5
-1
-29
-24
-7
11
-3
-22
-15
8
-6
-17
-6
3
1
-9
-5
-4
-9
-6
8
1
-21
-18
-6
9
-4
-19
-28
-14
13
-9
-38
-22
3
-1
-11
-28
-21
-11
-2
-17
-17
-15
-9
-5
-16
-12
8
1
-10
-17
-4
16
24
15
-18
-16
30
38
1
-21
6
49
33
-16
-26
27
57
25
-32
-20
47
64
8
-32
-30
44
58
6
-46
-6
57
38
-17
-33
18
46
19
-27
-31
13
54
20
-39
-33
45
62
-13
-52
2
60
39
-34
-28
36
51
8
-42
5
62
39
-12
-35
15
58
36
-20
-22
30
49
2
-24
17
39
15
-11
-10
17
25
-8
-13
6
14
-4
-10
3
-18
-22
0
13
-21
-38
-24
9
7
-15
-34
-11
-5
-19
-30
-8
6
-16
-35
-25
4
11
-17
-44
-14
16
2
-28
-21
4
10
-21
-24
-6
13
19
-25
-31
-1
36
-5
-49
-15
33
10
-37
-33
-8
32
4
-38
-32
-9
-1
-9
-28
-22
-13
-6
-8
-17
-21
-18
-10
-10
-12
-16
-18
-10
1
8
-4
-14
-4
-7
7
9
4
4
8
13
17
10
1
13
28
19
-2
-5
19
28
13
-4
14
30
23
-6
1
30
25
-10
-8
21
35
25
-9
-22
14
53
21
-38
-24
37
40
0
-28
-8
26
27
-2
-15
3
19
13
12
1
-3
13
28
9
-2
6
25
31
2
-21
18
48
19
-19
6
30
27
7
-10
11
22
27
11
-20
-3
33
14
-16
-17
12
23
-3
-33
-5
15
-4
-37
-14
16
-2
-40
-35
4
12
-16
-29
-28
-17
4
-8
-38
-31
3
4
-20
-27
-8
1
-21
-22
0
2
-13
-21
-2
11
1
-17
-14
1
3
-2
-4
-10
-16
-2
15
0
-15
-26
-25
11
20
-24
-41
-19
13
6
-30
-48
-4
20
-17
-54
-12
24
5
-57
-44
16
29
-16
-53
-12
24
12
-4
-22
-16
15
19
5
3
2
-1
21
13
19
9
5
6
17
25
12
10
14
23
16
6
19
6
14
18
19
4
5
24
17
-17
-1
36
37
-5
-28
6
35
27
-14
-21
7
37
23
-24
-15
17
34
4
-14
2
20
27
2
-7
4
22
9
7
14
12
15
10
6
14
17
19
13
3
11
23
21
2
-11
14
27
15
-13
-23
11
37
8
-29
-24
12
32
-14
-58
-23
27
22
-30
-50
-16
12
6
-24
-43
-29
14
22
-22
-62
-30
18
17
-33
-46
-6
12
8
-34
-42
4
15
-6
-13
-10
-15
0
7
-5
-12
-2
7
-1
-13
-22
0
15
0
-38
-25
12
17
-36
-38
-2
19
-20
-41
-11
6
-6
-29
-18
-2
-6
-31
-26
-10
6
-2
-13
-22
-16
9
14
-11
-15
1
15
15
8
-3
-5
3
21
26
-3
-12
23
42
12
-17
4
34
27
-4
-5
23
40
8
-24
7
48
37
-8
-15
18
29
31
-4
-6
3
18
18
2
-6
3
21
17
-1
-16
-2
18
31
-2
-33
6
44
26
-25
-16
28
38
6
-15
6
25
24
9
1
2
17
17
14
22
18
14
5
1
21
22
-4
0
5
26
9
-12
-9
2
-8
-4
2
5
-14
-13
-11
-17
-4
-11
-33
-9
1
-12
-28
-19
-6
-14
-13
-16
-16
-18
-11
-10
-12
-18
-11
-3
-7
-6
-22
-22
5
8
-2
-29
-15
4
10
-3
-6
-13
-3
-2
5
4
-21
-22
-4
7
-4
-21
-18
-11
-1
-10
-18
-22
0
14
-13
-47
-42
10
29
-16
-67
-30
33
33
-31
-65
-16
42
29
-34
-40
20
43
-16
-31
15
43
7
-22
3
36
17
-12
3
34
29
-10
-10
25
44
-1
-15
21
49
17
-25
-10
42
39
-5
-24
19
49
19
-19
-6
39
30
-24
-33
25
53
6
-31
-5
21
23
-5
-15
2
25
15
-15
3
16
16
8
-2
1
24
24
28
0
-10
16
41
19
-5
-4
20
36
24
2
-2
8
28
20
-2
-18
7
27
2
-23
-4
21
8
-33
-27
12
19
-18
-49
-10
26
-4
-47
-41
12
30
-25
-67
-29
23
24
-25
-54
-30
20
24
-33
-57
-7
31
6
-38
-28
4
14
1
-16
-25
-4
15
17
-15
-38
-9
26
27
-27
-34
-1
27
-7
-53
-25
30
13
-39
-49
4
26
2
-59
-48
5
35
-11
-64
-35
23
30
-26
-62
-13
36
18
-54
-35
41
39
-22
-39
-6
32
30
-15
-23
20
35
13
-6
9
20
30
11
3
15
22
24
14
4
0
24
28
13
7
3
21
25
10
-2
8
27
16
7
-1
5
19
13
1
-1
6
13
2
8
4
3
12
20
6
-13
-7
20
31
13
-20
2
33
29
-3
-6
8
30
29
10
-3
12
37
27
-6
-2
24
30
14
-6
14
21
11
-3
-4
12
17
0
-20
-31
0
22
11
-27
-38
-23
19
1
-42
-36
-4
15
-9
-38
-22
0
1
-24
-27
-8
-5
-6
-21
-16
-7
1
-18
-23
-12
10
16
-22
-36
2
25
0
-29
-26
14
14
-7
-28
-5
7
7
-16
-23
-9
5
-2
-31
-38
10
19
-25
-46
-15
16
-10
-46
-32
8
23
-16
-57
-31
22
20
-34
-45
-4
31
6
-40
-21
17
23
-10
-15
-5
16
25
4
-2
-3
12
31
17
2
-4
12
25
32
6
-8
5
27
31
4
-8
13
29
17
6
-2
17
25
6
-6
8
20
3
-6
2
22
5
-2
-4
5
10
-5
-14
20
18
-6
-15
16
22
10
-14
-3
30
32
10
-6
6
27
22
6
-6
16
25
24
1
-3
13
21
18
18
-1
-8
19
19
13
-21
-10
20
9
-20
-35
6
33
-17
-51
-15
26
-3
-45
-37
2
20
-18
-55
-38
16
18
-25
-47
-13
18
-7
-37
-30
3
14
-16
-35
-19
11
-1
-25
-18
21
11
-30
-34
13
33
-11
-43
-21
28
17
-25
-34
-9
18
1
-31
-24
0
9
-2
-23
-23
-21
-15
-6
-6
-17
-17
-14
-6
-5
-26
-30
-10
16
-6
-32
-19
7
13
-16
-24
0
25
1
-14
8
18
1
1
28
20
-14
-7
23
46
30
-19
-17
34
45
12
-13
1
24
32
25
-1
-4
21
38
1
3
9
9
10
11
21
6
-6
-4
11
20
14
-7
-13
5
18
18
2
-7
7
13
8
-2
12
26
13
-9
2
29
32
-1
-4
35
29
12
-6
9
32
26
18
10
8
2
13
32
14
1
-10
21
27
-14
-24
-2
18
0
-31
-16
0
5
-11
-21
-5
-6
-15
-22
-21
-6
7
-20
-48
-12
24
-4
-44
-40
2
18
-7
-32
-23
-9
-3
1
-15
-17
-4
2
0
-11
-24
-12
6
14
-16
-33
1
30
1
-44
-33
11
30
-25
-37
-6
14
-2
-33
-33
4
10
-11
-36
-21
4
6
-17
-35
-24
7
9
-18
-31
-15
6
-1
-7
-6
-19
-3
18
-4
-16
-1
22
22
-10
-17
14
32
19
-12
3
22
24
9
7
17
22
21
22
-3
-7
29
42
13
-16
-6
30
41
6
-17
14
35
16
-19
-20
21
36
1
-30
-2
27
29
-24
-28
26
37
1
-23
-7
29
37
-19
-15
31
36
-4
-5
19
31
1
3
24
35
4
-11
18
44
18
-9
-9
25
50
9
-31
-11
43
21
-28
-34
22
44
-8
-54
-26
26
23
-28
-33
-4
10
-19
-29
-3
5
-12
-36
-29
1
12
-17
-33
-25
-3
2
-4
-30
-23
-7
1
-11
-20
-20
0
13
-4
-34
-20
20
11
-14
-25
-15
14
11
-16
-25
6
16
-8
-37
-23
16
21
-21
-39
-10
0
2
-3
-30
-25
-20
7
0
-27
-27
-9
-4
-12
-25
-12
8
-14
-33
-13
20
17
-4
-27
-13
20
33
-3
-26
-8
32
35
2
-19
8
32
34
0
-9
15
42
15
-7
2
20
38
15
-13
3
35
26
-9
-3
16
31
13
-10
0
5
30
26
-34
-17
29
42
5
-43
-11
35
35
-8
-28
19
29
10
-9
8
17
11
-4
20
17
10
9
8
20
25
6
11
17
6
10
32
21
-7
0
28
21
-5
-8
7
17
13
-11
-20
-4
13
-3
-18
-14
-10
9
-9
-30
-25
5
3
-16
-23
-26
-9
5
-13
-29
-15
-3
-3
-22
-23
-10
-7
4
-9
-22
-27
-13
15
6
-38
-32
20
29
-24
-45
-13
34
29
-37
-49
6
42
6
-58
-41
26
42
-29
-56
-7
36
2
-52
-38
4
27
-19
-48
-25
8
4
-14
-32
-35
-4
16
-4
-38
-26
9
19
-7
-31
-9
14
13
4
-17
-3
16
23
12
-4
7
22
27
-6
-8
24
34
17
-17
10
49
26
-18
-10
33
49
12
-22
-3
36
34
-3
-5
11
21
15
-19
-3
19
35
6
-23
-24
15
48
-2
-33
-15
31
35
-11
-32
11
46
18
-10
-14
19
39
16
-6
-10
26
46
15
-5
1
19
26
21
7
0
4
33
25
-4
-23
4
43
25
-37
-35
18
39
-1
-41
-33
22
17
-22
-32
-12
9
-11
-28
-15
3
-12
-27
-16
2
-17
-31
-6
0
-20
-21
-13
-1
2
-17
-34
-22
19
6
-41
-29
10
21
-13
-32
-14
15
10
-5
-21
-13
-2
8
-10
-1
-11
-16
-17
5
7
-12
-24
-22
-3
2
-8
-26
-21
-8
-3
-19
-21
-13
-10
-12
-22
-15
5
-9
-18
-11
3
-5
-9
-6
-2
-9
7
22
30
-16
-35
16
62
23
-34
-19
40
63
0
-39
5
61
47
-9
-25
20
46
29
-7
-11
20
36
22
-8
-13
27
37
12
-11
-5
11
26
13
-17
-19
24
45
-6
-42
-10
42
41
-18
-41
11
48
18
-15
-6
18
37
10
-10
6
21
30
17
3
4
18
22
13
10
3
16
22
12
5
-9
8
20
12
-14
-24
11
36
13
-44
-43
21
38
-9
-54
-24
20
18
-36
-51
-7
32
3
-48
-55
7
24
-17
-41
-19
14
-2
-33
-37
-3
22
-11
-33
-23
-1
-4
-15
-9
2
-11
-11
0
1
-3
-11
-14
1
3
-7
-1
-11
-14
-6
0
1
-18
-17
-1
-5
-20
-27
-17
7
9
-25
-49
-12
18
-10
-35
-41
3
17
-19
-37
-10
7
-2
-14
-11
3
5
-2
-10
14
17
-1
-15
10
39
10
-5
-2
41
20
-5
2
26
39
17
-8
11
31
25
1
-4
8
35
32
-14
-18
19
39
22
-18
-13
17
36
-8
-26
7
47
3
-28
-16
19
39
5
-24
4
22
23
-2
-5
10
12
18
15
0
5
12
13
35
7
1
16
38
20
-11
-6
22
44
10
-10
-7
31
28
1
-25
5
24
13
-25
-26
13
21
-7
-35
-17
4
9
-7
-21
-24
-16
-6
-11
-18
-10
-17
-3
-15
-21
-17
-7
-6
-22
-26
-12
-6
-2
-13
-25
-21
3
4
-10
-14
-18
3
11
-11
-25
-10
22
12
-33
-28
11
22
-9
-36
-22
16
20
-22
-39
-9
6
-2
-19
-15
-17
-13
-1
-16
-29
-21
0
7
-21
-33
-13
-1
-9
-18
-6
-4
-2
-8
-14
-9
23
21
-5
-23
-5
41
30
-7
-18
12
41
28
-12
5
38
26
-2
-8
26
27
9
2
15
20
11
12
7
6
12
27
17
0
0
12
14
5
3
3
10
8
4
6
4
4
1
8
-1
-4
6
25
28
-5
-22
17
33
21
-12
-6
34
45
5
-12
-6
37
30
1
3
14
17
24
5
3
18
3
3
12
20
7
-6
-12
6
-5
-10
2
5
-20
-28
-4
18
5
-34
-46
-7
21
-6
-42
-23
7
-8
-20
-24
-11
-7
-18
-23
-7
-8
-14
-20
-15
1
-4
-31
-16
7
15
-12
-28
-11
21
5
-23
-22
1
25
3
-27
-27
16
14
-9
-32
-10
8
-12
-24
-13
-9
-11
-4
-10
-28
-27
-5
5
-19
-39
-16
9
4
-11
-40
-29
11
23
-8
-38
-18
31
28
-21
-26
17
37
4
-18
7
29
25
2
-1
20
35
12
-4
7
23
29
15
-4
6
29
27
6
-15
18
36
14
-13
-5
23
24
3
16
-3
-4
5
19
13
-7
-1
12
10
9
-7
-8
7
23
-2
-4
19
13
3
2
18
13
1
2
19
18
-1
6
25
25
2
-1
28
24
1
0
8
20
24
17
-26
-4
43
28
-38
-39
33
39
-25
-42
6
27
0
-40
-43
14
29
-23
-51
-15
16
-3
-46
-26
11
6
-33
-42
5
25
-32
-42
-16
12
-6
-34
-21
6
13
-17
-44
-18
27
22
-16
-30
-13
22
21
-24
-27
-6
16
11
-4
-21
-9
9
8
-18
-19
-11
3
-15
-16
-12
-15
-6
-4
-26
-23
-2
4
-18
-27
-14
0
-5
-14
-10
-1
2
-5
-9
-2
8
8
1
0
4
14
20
2
0
29
20
2
5
37
27
-18
-7
49
53
-13
-37
23
68
25
-27
-14
34
53
8
-30
-7
42
35
-13
-9
5
20
2
2
20
7
-9
-6
1
15
12
5
-9
-5
19
9
3
-4
14
21
2
-3
21
21
8
-4
12
30
26
-8
-6
9
34
31
3
-11
-3
27
40
4
-32
1
39
11
-27
-11
31
9
-38
-29
31
20
-40
-45
9
29
-2
-59
-33
14
13
-31
-42
-10
16
-14
-49
-32
14
18
-23
-54
-23
16
10
-21
-39
-20
13
7
-18
-20
-2
4
3
-13
-25
-11
19
15
-26
-35
20
28
-23
-51
-12
38
8
-48
-44
6
18
-12
-51
-29
10
26
-27
-62
-10
27
-5
-45
-41
13
25
-30
-49
-14
34
1
-28
-16
13
14
-3
-8
2
18
-2
3
17
14
-4
4
36
28
-14
-10
26
47
23
-17
-9
38
40
-12
-11
22
44
0
-25
20
45
20
-19
-14
23
32
7
-22
-3
36
29
-3
-19
1
21
6
2
13
8
-2
1
15
15
-3
3
17
15
-5
7
17
15
5
9
27
26
11
-13
-4
41
48
2
-31
1
47
46
-7
-39
12
50
25
-27
-39
14
45
3
-50
-29
18
27
-24
-41
-1
17
-11
-39
-27
0
12
-18
-36
-21
-5
-4
-10
-27
-24
-12
-9
8
-11
-42
-16
9
7
-17
-23
-14
4
5
-15
-9
3
-2
-6
5
7
-15
-21
2
18
4
-30
-25
4
10
-7
-26
-20
-11
-4
-3
-7
-17
-33
-16
0
-1
-18
-28
-13
11
3
-23
-31
-14
6
11
-13
-23
-4
17
16
-3
-17
0
29
17
-5
-4
11
20
12
4
18
20
16
3
11
8
19
30
9
-1
11
22
20
0
-3
18
35
17
-9
-11
22
24
5
-10
7
18
15
3
-8
4
24
4
-10
-5
23
13
1
-15
4
41
28
-19
-23
23
53
19
-26
-15
31
44
7
-20
9
45
21
-18
-4
39
40
-2
-11
16
32
12
-10
2
17
13
-17
-22
13
19
-11
-29
0
11
-4
-39
-24
2
-2
-21
-37
-12
5
-15
-18
-19
-8
-16
-25
-22
-4
4
-13
-26
-18
5
-5
-15
-28
-13
6
6
-13
-12
-5
4
-1
-14
-12
-5
10
11
-15
-27
-10
16
11
-29
-38
-1
19
-4
-37
-29
-2
8
-16
-38
-17
13
-1
-38
-35
9
9
-34
-31
2
15
-12
-22
-10
8
5
-2
-20
-5
21
26
-2
-24
3
29
27
1
3
8
17
23
6
0
10
28
22
6
-1
10
25
28
8
-5
13
29
20
2
-4
20
25
13
1
-4
13
30
6
-17
3
28
21
-13
-26
6
37
16
-14
-16
5
34
31
-22
-25
25
53
7
-39
12
46
22
-17
3
49
15
-14
-2
38
33
-5
-8
20
37
12
-13
7
18
9
-8
-1
3
2
-12
-13
8
12
-22
-31
2
15
-18
-47
-16
22
8
-41
-38
-4
8
-6
-41
-31
12
0
-35
-33
4
24
-14
-47
-26
24
21
-28
-45
-9
28
4
-20
-12
4
-13
-12
10
5
-10
-30
-2
29
-11
-52
-14
44
10
-54
-44
24
25
-39
-58
-4
28
0
-45
-33
0
8
-9
-37
-33
10
16
-13
-37
-23
17
23
-8
-33
-12
17
35
19
-36
-22
27
47
6
-23
-4
39
41
-1
-28
6
51
47
-11
-28
18
62
26
-23
-16
41
48
-4
-28
4
50
36
-22
-14
16
39
18
-31
-5
28
33
-18
-25
20
25
5
1
-13
3
14
15
5
-5
15
12
16
0
-6
8
40
20
-22
-9
40
45
13
-22
-2
32
49
18
-16
-26
31
60
11
-42
-7
47
22
-28
-19
26
21
-31
-34
11
10
-17
-18
-16
-8
-2
-18
-16
-12
-11
-12
-10
-19
-15
-14
-30
-24
6
7
-25
-38
10
17
-32
-44
-5
27
3
-39
-37
21
34
-23
-37
2
28
-5
-47
-10
23
8
-30
-21
-2
10
-14
-24
-11
0
7
-20
-45
-22
16
9
-28
-46
-9
24
-3
-41
-34
-6
15
-4
-29
-35
-2
24
10
-37
-24
18
41
-6
-34
-9
37
28
-7
-21
8
42
29
-18
-18
24
48
22
-27
-9
52
57
-9
-31
18
49
23
-6
-11
21
44
18
-12
1
31
31
-3
-13
-5
22
23
7
-4
-10
5
18
18
-4
-19
-1
34
20
-21
-14
26
42
0
-42
-4
63
49
-19
-31
14
57
20
-24
-6
46
40
-11
-20
20
41
17
-5
-3
20
30
1
-17
3
14
3
-14
-6
3
2
-18
-10
-10
-15
-7
-5
-18
-30
-21
9
-10
-24
-22
-20
-14
3
-25
-23
-1
-12
-16
-15
-7
-11
-29
-12
2
-10
-17
-15
2
6
-7
-25
-17
-2
12
-2
-17
-21
5
8
-7
-15
-4
0
-2
-14
-34
-12
9
3
-21
-40
-15
12
1
-22
-34
-29
10
8
-22
-41
-15
16
0
-29
-24
-8
-1
10
4
-16
-16
6
15
9
-7
-20
18
40
12
-18
-11
23
42
14
-14
10
37
17
-9
12
40
22
0
-3
20
33
27
-8
-10
27
47
11
-21
-11
26
29
14
-5
-12
0
18
16
-2
-14
7
13
9
4
-8
7
17
11
-7
-8
22
34
10
-17
7
35
24
0
-13
19
48
27
-11
-12
22
43
11
-18
15
35
19
-13
-2
12
7
7
-3
-4
-2
1
-9
-11
-3
-13
-20
-6
-5
-14
-19
-21
-3
-7
-24
-16
-9
-12
-15
-19
-4
-4
-21
-26
-8
-8
-8
0
-15
-26
-13
6
10
-25
-23
-3
16
-8
-32
-3
24
2
-31
-20
13
25
-13
-28
-10
0
-9
-1
-4
-27
-22
4
15
-29
-32
-11
15
-6
-46
-34
22
15
-32
-54
-3
31
-13
-50
-25
32
27
-30
-44
6
25
0
-13
8
19
12
-1
5
3
10
18
13
11
15
12
7
23
29
3
4
12
28
18
-3
7
28
35
9
-22
2
47
41
-15
-22
18
31
1
-12
7
15
8
2
1
-2
0
9
0
-1
10
16
0
0
11
26
1
0
9
10
20
14
-6
3
26
29
11
10
8
2
18
50
18
-16
1
32
34
-2
-26
3
28
13
-18
-2
0
-7
-7
0
-6
-7
-10
-29
-8
10
-9
-35
-29
-5
11
-7
-21
-25
-16
-3
-7
-14
-27
-19
4
4
-14
-24
-23
-7
11
1
-24
-33
-7
16
5
-22
-24
3
8
0
-9
-13
-11
-1
1
-13
-13
1
10
-15
-22
-18
-3
6
-16
-32
-9
1
-11
-27
-15
3
-1
-21
-27
-11
-13
-10
-8
-15
-6
-9
-7
-1
-7
-16
-3
16
13
-3
-11
10
25
13
-1
5
8
24
14
-7
4
40
28
-3
-2
15
29
12
10
21
21
-1
7
27
18
0
4
14
16
7
11
13
6
0
4
6
2
3
22
-1
-13
5
21
12
-16
-10
17
27
9
-20
-4
34
38
-2
-27
22
44
9
-6
10
30
20
0
8
22
21
18
-4
-9
21
34
12
-21
4
11
4
0
0
-4
-4
-6
-13
-15
0
2
-23
-19
-9
2
-9
-25
-16
-4
-15
-22
-25
-12
13
0
-35
-33
-8
20
-11
-48
-19
24
14
-45
-37
10
14
-13
-25
-7
3
4
-19
-13
6
16
-13
-36
-4
28
5
-36
-32
6
22
-14
-32
-15
10
7
-34
-31
-5
3
-18
-25
-7
7
-14
-33
-13
10
-12
-27
-19
6
-6
-9
-17
6
2
1
-7
0
10
8
-14
-2
33
31
2
-20
13
41
28
-6
-4
34
38
13
-15
6
32
30
12
10
13
18
6
7
18
18
6
7
10
5
4
-4
23
19
-5
-8
8
24
6
-26
-6
31
23
-13
-19
2
40
35
-13
-16
12
33
20
7
3
17
26
13
-6
16
20
22
14
13
7
9
15
20
12
11
9
-10
-2
6
14
12
-17
-14
-1
8
1
-17
-22
2
5
-8
-21
-28
-8
-5
-16
-23
-7
-7
-17
-20
-14
-10
-11
-12
-19
-15
1
-6
-23
-17
-2
4
-19
-33
-1
26
0
-46
-35
25
36
-7
-55
-35
42
55
-28
-70
0
36
13
-45
-32
23
1
-23
-18
-1
-9
-9
-21
-16
-10
-16
-18
-17
-1
-11
-29
-12
8
1
-25
-41
2
36
0
-29
-22
8
25
14
-6
-12
2
20
25
-5
-5
19
29
22
-1
6
25
23
7
7
18
15
20
16
16
16
5
21
18
8
14
6
0
16
19
3
3
2
12
11
0
2
0
10
15
5
-1
6
-5
1
19
14
-8
8
21
1
5
16
15
19
10
5
17
17
17
10
5
14
20
26
26
-5
-12
16
40
23
-25
-14
27
33
1
-36
-14
29
20
-12
-41
-20
8
22
-9
-35
-23
8
7
-24
-40
-18
13
-6
-34
-22
0
-14
-13
-11
-16
-10
-13
-5
-13
-30
-7
19
-10
-42
-13
15
19
-14
-35
-19
17
17
-17
-29
-2
19
16
-28
-36
3
25
-4
-39
-19
15
17
-17
-46
-16
20
-4
-43
-29
11
8
-26
-33
-17
-1
-9
-20
-25
-12
3
12
-24
-21
2
23
1
-22
-9
34
24
-12
-27
13
48
11
-2
13
21
20
9
3
18
27
25
9
7
7
19
25
16
1
14
19
10
6
15
8
1
7
14
21
3
-17
-4
26
22
4
-15
-1
17
9
-3
13
9
0
10
23
15
-1
0
17
13
1
19
29
8
-19
23
60
20
-35
-9
55
55
-9
-33
7
57
35
-34
-23
38
43
-28
-41
14
47
9
-51
-38
27
26
-24
-47
-5
22
-2
-39
-35
11
13
-31
-33
-4
-1
-18
-23
-8
-6
-12
-27
-12
2
-10
-21
-19
-15
-17
0
10
-11
-11
-19
-16
6
18
3
-33
-20
14
26
-8
-37
-20
20
24
-22
-49
1
29
6
-46
-38
17
27
-21
-63
-15
31
1
-43
-38
4
19
-14
-58
-30
23
28
-27
-53
-10
26
19
-8
-26
-10
20
36
7
-23
-6
26
37
15
-26
-6
41
52
3
-26
8
60
27
-18
-11
37
46
7
-15
3
29
29
9
-9
2
29
23
16
-22
0
25
14
-8
1
15
12
-9
-4
23
10
-11
2
5
20
11
1
3
8
11
19
19
-2
-7
25
43
5
-18
5
51
36
-19
-13
27
45
10
-16
1
38
22
-9
-7
7
20
4
-13
-5
-7
6
2
-9
-21
-21
-3
16
-2
-30
-23
-1
-7
-8
-24
-19
-11
2
-9
-42
-38
13
24
-31
-62
-9
46
1
-66
-57
18
51
-6
-71
-23
43
25
-39
-50
11
42
5
-43
-32
18
35
-8
-40
-21
16
20
-14
-48
-14
25
3
-29
-37
-7
16
-8
-45
-32
15
14
-24
-43
-19
3
5
-19
-30
-13
22
10
-16
-32
-14
21
30
-4
-26
-6
23
28
7
-4
-1
18
34
6
-5
16
41
16
-8
15
34
19
-2
15
17
13
5
21
20
3
-3
10
31
14
-14
-4
13
29
13
-18
-16
26
23
1
-11
-1
20
13
-9
1
13
12
2
13
11
9
3
3
26
30
7
-7
8
31
22
8
-6
4
27
30
11
-15
6
35
28
1
-17
-1
25
13
-9
-10
-1
7
-5
-7
-13
0
-3
-17
-15
-1
-5
-19
-15
-15
0
-6
-23
-25
-18
-6
-5
-7
-26
-31
-13
12
11
-29
-44
-3
18
-12
-34
-24
12
15
-18
-35
-8
24
18
-25
-39
14
30
-3
-34
-18
8
5
-3
-13
-24
-12
-4
3
-14
-29
-17
6
5
-28
-43
-11
21
1
-52
-51
16
32
-11
-52
-29
22
18
-22
-33
4
22
10
-8
-14
6
27
27
-3
-11
11
28
35
-7
-18
7
43
42
5
-23
3
50
32
-18
-16
34
52
6
-33
-6
42
38
5
-21
-6
42
34
-13
-27
7
32
33
-20
-29
16
44
3
-23
2
26
13
-4
-1
19
22
-1
-4
13
32
16
3
9
16
17
5
15
21
9
0
11
23
24
4
-7
11
36
11
-14
-10
26
24
-9
-17
5
9
-4
-13
-8
-1
0
-15
-11
-5
-17
-21
-12
3
-4
-26
-37
-6
13
-20
-39
-14
4
-22
-32
-2
9
-26
-42
-14
22
8
-33
-34
11
36
-13
-56
-16
37
22
-31
-30
18
22
-19
-34
-7
19
0
-28
-27
0
13
-6
-29
-30
0
10
-7
-31
-27
-11
2
-16
-25
-18
-11
-16
-11
1
-11
-27
-17
7
9
-7
-17
-14
7
13
9
11
-2
-2
9
24
33
2
-17
12
46
31
-8
-7
22
36
30
-9
-8
25
30
17
-4
-6
25
18
2
2
15
32
-2
-13
7
27
16
-15
-14
13
26
3
0
0
3
-1
3
20
11
-2
-5
11
24
1
-7
13
33
22
-10
-17
21
43
24
-4
-10
13
35
24
-5
-10
21
34
7
-2
6
13
4
3
5
2
3
7
-15
-16
-1
21
-2
-38
-24
0
18
-12
-33
-26
6
0
-20
-34
-13
-5
-2
-22
-28
-10
-7
-17
-23
-5
3
-12
-31
-18
-3
0
-6
-20
-13
1
3
-3
-8
-12
0
9
-6
-27
-4
19
0
-30
-11
4
-2
-19
-8
1
-21
-24
-1
-2
-33
-29
0
-1
-20
-23
-11
-2
-9
-25
-23
-4
-7
-15
-20
-1
7
0
-8
-12
11
7
3
14
7
-5
0
14
22
8
14
16
8
4
17
29
14
2
8
24
22
11
3
6
22
28
0
-8
25
19
-2
9
16
8
6
9
9
5
-1
-5
25
25
-7
-26
1
39
18
-38
-22
44
50
1
-40
-12
52
51
-24
-25
32
31
11
0
10
23
18
1
15
28
11
12
12
15
12
13
10
3
9
9
-1
0
9
1
-6
-12
-5
5
-12
-17
-6
1
-23
-29
0
14
-28
-48
-14
25
-1
-51
