#8
-345
177
424
11
-417
-177
356
331
-191
-398
24
426
195
-326
-311
222
429
-21
-411
-128
376
298
-223
-388
67
426
120
-365
-285
226
372
-68
-412
-129
339
264
-245
-400
48
401
93
-389
-297
246
374
-104
-451
-106
388
261
-287
-390
104
445
87
-415
-253
319
399
-121
-437
-57
441
282
-289
-380
155
478
82
-406
-223
336
396
-128
-408
-6
443
241
-316
-333
202
445
15
-396
-168
335
350
-170
-404
12
428
177
-335
-305
212
409
-25
-412
-154
364
319
-204
-385
47
429
163
-326
-271
226
401
-5
-367
-120
349
323
-162
-358
54
438
187
-290
-266
219
411
15
-350
-115
354
320
-176
-359
52
419
156
-336
-288
222
404
-41
-412
-150
340
308
-216
-394
32
394
135
-348
-280
208
345
-66
-366
-120
290
238
-203
-323
57
338
83
-306
-211
210
305
-75
-319
-56
298
177
-201
-243
98
294
42
-259
-144
207
246
-104
-287
-8
278
129
-218
-238
97
283
-1
-313
-146
239
237
-174
-353
-4
329
120
-303
-279
136
313
-31
-358
-155
258
241
-177
-337
8
327
128
-281
-259
172
336
-13
-336
-130
301
275
-171
-324
45
367
150
-274
-251
184
368
5
-323
-117
303
271
-124
-299
21
331
156
-241
-227
166
304
-13
-293
-94
251
229
-148
-285
35
305
104
-260
-216
178
288
-36
-288
-98
256
221
-150
-264
55
302
109
-235
-178
194
290
-32
-261
-55
274
226
-112
-235
58
309
124
-200
-156
190
288
-26
-254
-51
279
195
-154
-228
88
279
60
-218
-153
135
228
-38
-252
-55
224
124
-175
-212
80
229
5
-256
-126
184
190
-129
-264
-9
228
93
-202
-208
99
238
-9
-244
-102
180
179
-98
-225
-7
208
104
-160
-170
97
206
-5
-206
-93
165
172
-117
-223
23
219
54
-210
-163
119
196
-61
-257
-71
203
131
-174
-234
38
211
11
-230
-142
135
170
-111
-242
-19
222
97
-199
-203
94
244
6
-227
-110
177
193
-67
-207
-13
215
133
-144
-166
98
223
36
-181
-94
165
196
-48
-197
-19
215
153
-123
-175
58
219
49
-186
-100
148
173
-58
-191
-24
182
111
-130
-160
58
183
20
-162
-86
113
133
-38
-145
-12
152
84
-82
-99
58
148
32
-89
-44
103
127
-7
-93
10
141
96
-39
-67
52
144
50
-81
-47
86
121
-2
-96
-18
110
71
-72
-87
47
103
-14
-104
-38
73
68
-45
-118
-23
102
55
-100
-108
26
98
1
-115
-69
69
71
-55
-114
-1
96
46
-90
-96
50
113
-5
-118
-46
102
90
-55
-110
13
113
45
-91
-87
58
101
-8
-102
-42
82
64
-67
-102
13
71
-4
-90
-54
41
33
-51
-90
-30
59
18
-80
-97
-8
65
3
-93
-83
28
71
-26
-101
-39
71
43
-43
-72
10
90
18
-75
-40
71
89
-5
-101
-24
114
107
-61
-101
48
141
42
-91
-53
95
119
-4
-97
-18
109
82
-50
-77
31
96
20
-72
-51
53
83
-12
-81
-22
62
51
-42
-66
11
69
24
-47
-42
29
63
14
-43
-19
59
61
-3
-19
10
55
46
9
-13
34
75
49
-17
4
50
62
33
-11
4
52
40
2
-10
28
32
2
-6
1
9
9
3
-10
-9
-9
-7
-2
-14
-15
-26
-5
11
-8
-27
-31
-12
12
-7
-41
-29
1
13
-3
-44
-28
30
23
-26
-33
4
24
6
-17
-19
20
29
-6
-21
-6
16
20
-11
-9
-6
15
-1
-35
-10
24
3
-42
-35
3
7
-25
-46
-25
-7
-4
-33
-38
-20
-4
-26
-50
-41
11
16
-52
-89
-15
60
12
-83
-61
33
49
-10
-57
-36
31
52
-8
-43
2
61
33
-33
-31
48
77
5
-65
-8
89
67
-41
-53
43
93
32
-62
-31
78
68
-21
-61
6
69
34
-37
-41
36
51
-16
-67
-22
73
51
-61
-78
29
101
-2
-104
-36
97
95
-48
-107
30
142
57
-79
-70
84
140
10
-89
-24
111
130
-11
-103
14
143
110
-56
-100
47
157
57
-109
-80
106
141
-24
-141
-33
121
104
-74
-128
-4
115
50
-99
-113
24
101
-1
-121
-60
69
71
-54
-120
-15
85
36
-88
-100
32
97
3
-117
-60
80
80
-39
-94
-22
88
59
-63
-87
30
108
13
-92
-48
81
80
-53
-97
7
92
19
-91
-76
34
86
-28
-118
-43
68
41
-80
-97
-3
59
2
-96
-71
16
43
-31
-93
-50
18
28
-33
-66
-16
38
13
-68
-43
36
54
-20
-63
8
77
49
-45
-64
35
105
23
-77
-34
81
103
-20
-95
12
129
73
-69
-72
64
129
4
-98
-41
102
86
-51
-108
2
119
66
-100
-102
53
116
1
-127
-46
102
85
-66
-108
11
121
50
-92
-68
70
123
-5
-95
-17
115
96
-45
-88
51
141
52
-70
-60
92
140
11
-99
-12
135
113
-52
-108
30
150
42
-104
-81
88
128
-23
-150
-44
131
92
-104
-146
30
140
22
-152
-106
89
133
-51
-183
-49
143
83
-122
-169
14
168
39
-159
-132
90
158
-35
-172
-44
138
109
-89
-163
10
177
66
-152
-117
96
160
-10
-153
-60
110
101
-69
-139
5
116
35
-118
-113
54
112
-37
-152
-58
82
59
-90
-133
-5
85
4
-135
-92
48
75
-52
-114
-34
75
34
-88
-88
33
94
-10
-107
-31
91
82
-52
-94
29
119
41
-98
-51
91
112
-34
-97
26
126
67
-74
-77
62
129
19
-99
-41
99
108
-48
-121
11
130
44
-103
-85
73
105
-28
-120
-33
101
87
-54
-127
-13
113
82
-61
-110
28
121
44
-84
-48
86
108
-2
-87
-4
115
94
-37
-69
59
122
36
-51
-28
84
102
1
-68
1
96
85
-43
-86
31
110
25
-90
-64
75
87
-49
-108
-12
88
43
-85
-110
24
115
14
-130
-86
63
94
-42
-142
-34
96
60
-87
-109
6
89
26
-81
-65
41
85
-20
-97
-21
81
56
-49
-79
11
89
40
-78
-76
50
97
-17
-104
-34
72
55
-68
-93
8
75
-7
-91
-60
24
47
-28
-94
-54
38
38
-77
-110
-19
65
10
-108
-101
47
73
-42
-115
-13
74
33
-67
-70
27
73
-1
-64
-6
62
45
-23
-35
31
62
15
-37
-1
61
48
-12
-29
28
64
34
-25
-19
40
59
-1
-54
-7
56
46
-29
-55
7
67
20
-60
-53
29
82
8
-90
-51
59
78
-20
-95
-2
99
50
-55
-65
52
111
24
-66
-31
74
98
14
-59
-25
91
116
-8
-72
10
114
75
-33
-62
49
115
32
-70
-40
78
84
-34
-77
3
73
33
-67
-61
40
75
-31
-93
-33
67
49
-65
-88
5
64
-10
-81
-39
30
35
-44
-75
-19
44
18
-40
-53
6
34
10
-34
-39
13
47
1
-50
-9
46
25
-33
-35
22
44
11
-39
-30
23
26
-16
-40
-21
9
7
-31
-50
-17
26
-2
-60
-50
-4
7
-27
-60
-45
1
10
-41
-54
-26
2
-10
-32
-35
-28
8
16
-13
-29
-19
15
27
-7
-20
18
27
7
-5
8
36
32
-17
-15
34
54
19
-21
4
37
33
8
-9
25
38
0
-16
12
25
13
-16
-19
9
40
6
-48
-22
38
21
-26
-38
2
43
7
-43
-28
28
51
-6
-53
8
59
50
-15
-33
21
70
37
-17
-7
32
58
40
-4
-9
46
75
28
-43
-1
77
78
-11
-49
2
78
64
-40
-68
15
87
38
-72
-78
21
84
18
-88
-54
41
51
-36
-82
-18
47
29
-55
-87
1
52
0
-74
-52
31
47
-39
-75
2
54
13
-70
-45
39
51
-18
-48
-8
49
24
-29
-30
18
38
-2
-37
-8
20
12
-16
-27
-10
9
-2
-28
-37
-9
15
-15
-62
-35
11
-6
-50
-51
-17
-1
-22
-52
-42
-13
-5
-25
-39
-23
-1
-4
-16
-34
-15
29
20
-28
-36
18
54
10
-30
-11
38
51
8
-30
4
47
44
-2
-23
16
57
32
-21
-11
30
39
23
-17
-16
26
38
3
-37
-10
26
26
-1
-38
-9
20
12
-10
-12
-8
9
9
-3
-15
-1
25
20
-9
-3
18
32
19
-12
17
45
26
-2
13
54
34
-8
5
42
59
34
-6
-4
50
71
21
-34
-4
59
56
-18
-39
1
57
19
-41
-14
24
23
-22
-42
8
22
-7
-53
-26
34
15
-37
-52
-18
22
18
-51
-66
-3
51
2
-67
-63
24
64
-6
-82
-45
55
54
-21
-66
-23
66
50
-37
-59
18
65
20
-45
-45
20
52
6
-72
-44
38
45
-24
-85
-43
44
35
-56
-94
-23
51
2
-81
-87
-6
40
-32
-75
-47
17
6
-53
-50
-3
24
-15
-64
-29
36
32
-35
-46
18
51
9
-31
-10
50
39
-13
-27
19
58
20
-21
-7
39
45
4
-13
6
46
28
-6
-19
10
47
14
-35
-27
41
61
-6
-79
-28
76
56
-55
-74
21
81
3
-65
-36
48
54
-26
-55
10
70
42
-43
-42
49
78
20
-51
-6
81
73
-15
-46
45
98
38
-40
-20
70
70
13
-16
22
49
32
-12
-11
25
38
13
-23
-23
15
36
-6
-37
-14
16
13
-10
-43
-22
28
17
-47
-55
7
34
-22
-76
-38
33
35
-42
-73
-10
52
10
-60
-62
26
63
1
-74
-38
47
65
-17
-72
-20
61
58
-34
-77
5
86
30
-71
-63
31
67
-9
-96
-53
61
52
-65
-113
-11
67
0
-94
-78
30
41
-42
-95
-67
34
36
-39
-98
-47
50
38
-57
-90
-4
61
30
-56
-59
16
58
22
-46
-26
49
60
-12
-38
23
69
18
-45
-11
72
55
-24
-26
26
67
31
-30
-22
44
50
-10
-45
8
67
21
-53
-39
40
66
-16
-65
-17
48
43
-35
-54
11
60
10
-49
-32
45
63
-14
-59
0
84
60
-36
-50
38
94
37
-42
-35
66
84
25
-38
-12
81
82
1
-27
22
64
41
-19
-17
40
50
6
-38
-3
42
31
-26
-61
1
54
14
-68
-51
27
52
-9
-81
-47
37
49
-49
-91
-16
62
31
-74
-81
14
66
0
-75
-57
46
62
-33
-71
-3
55
34
-40
-45
22
56
10
-44
-22
33
40
-6
-53
-13
37
20
-35
-46
-14
28
8
-47
-54
0
25
-26
-74
-34
26
7
-67
-84
-10
39
-15
-84
-59
3
23
-24
-60
-15
18
4
-27
-37
-3
30
6
-17
-14
23
37
-2
-12
19
29
13
10
0
8
33
27
-1
-4
34
42
4
-13
1
28
37
10
-19
-3
25
23
-12
-17
10
25
4
-37
-3
28
14
-18
-25
14
12
-7
-13
-12
10
24
12
-13
-5
24
38
8
-6
23
32
17
6
23
36
33
11
9
32
56
37
-5
-13
55
84
11
-48
-6
76
72
-31
-68
15
87
29
-69
-50
36
61
-18
-75
-28
51
22
-46
-61
-2
37
0
-54
-57
7
42
-16
-71
-35
28
30
-36
-67
0
49
10
-48
-34
23
37
-8
-40
-13
45
37
-28
-52
15
62
29
-45
-46
19
48
2
-68
-50
50
47
-54
-85
-17
46
8
-65
-73
19
41
-43
-94
-40
35
12
-67
-93
-5
52
-16
-87
-52
36
34
-38
-61
-13
38
21
-42
-55
23
56
21
-32
-16
32
52
13
-38
-12
44
45
-3
-11
16
30
36
11
-8
-5
23
48
17
-32
-9
45
36
-25
-27
26
35
-3
-20
-7
5
13
0
-8
-7
2
7
-2
-12
1
15
5
8
0
9
14
24
28
3
-6
14
34
48
17
-16
4
61
74
7
-32
23
81
43
-2
-5
43
58
12
-18
8
40
23
-4
-18
4
21
14
-11
-17
-12
0
2
-19
-34
-11
5
0
-24
-41
-13
18
-1
-37
-54
-3
25
-10
-53
-38
17
42
-12
-68
-20
43
40
-36
-52
16
43
11
-42
-30
44
49
-20
-53
-4
49
43
-35
-66
-8
50
34
-63
-76
-3
49
8
-69
-76
-7
33
-4
-67
-61
4
20
-36
-76
-34
21
0
-59
-54
6
28
-26
-61
-22
41
18
-44
-49
16
63
25
-37
-40
33
56
11
-27
-3
37
33
-4
-1
20
31
19
-5
-2
45
38
-8
-23
16
51
10
-22
-13
12
18
-1
1
1
4
-4
-5
10
-1
-14
-6
4
6
-3
-15
6
14
1
-7
8
24
21
5
3
13
35
22
-11
5
49
53
7
-2
23
49
48
7
-1
30
64
32
-7
-7
22
47
26
-23
-11
32
32
-6
-39
-10
27
20
-13
-44
-21
18
14
-26
-41
-14
3
-1
-32
-36
-11
-1
-1
-21
-31
-35
-3
17
-9
-33
-8
17
2
-21
-22
2
36
10
-28
-25
16
36
10
-27
-12
23
26
0
-32
-23
23
18
-20
-47
-15
19
4
-34
-53
-13
11
-8
-43
-55
-24
18
3
-68
-77
2
29
-19
-71
-52
13
38
-36
-77
-15
53
22
-62
-55
35
62
1
-63
-27
58
65
-9
-57
-3
71
51
-26
-40
31
67
24
-23
-15
37
55
12
-26
-7
40
40
1
-23
3
35
26
-25
-24
8
40
3
-35
-22
26
23
-18
-27
8
15
15
-12
-24
9
29
12
-12
3
32
44
-1
-13
31
49
30
-12
1
52
52
12
8
36
48
27
-2
26
40
28
7
7
28
23
-4
-10
14
32
5
-35
-20
27
28
-26
-60
-5
41
4
-58
-48
12
31
-10
-62
-46
19
35
-43
-69
-11
46
-2
-46
-35
11
27
-5
-47
-24
35
34
-18
-40
5
39
10
-31
-18
26
17
-2
-17
-12
11
13
-3
-35
-30
3
22
-10
-58
-42
15
27
-34
-73
-38
24
23
-53
-83
-20
23
-8
-64
-66
4
21
-26
-61
-23
35
19
-58
-57
13
50
5
-37
-24
26
36
9
-28
-7
34
44
10
-20
-10
35
39
19
-9
-21
32
58
17
-21
-2
34
39
2
-14
6
21
12
-10
-2
13
11
5
-14
-14
16
17
-8
-26
-15
26
26
-21
-41
5
46
30
-19
-40
22
59
41
-25
-28
40
72
31
-20
-14
43
75
29
-23
3
61
53
8
5
27
38
21
-1
3
27
28
6
2
2
6
0
-3
-8
-8
-1
-10
-17
-9
-9
-9
-24
-13
1
-5
-34
-34
-4
17
-14
-43
-22
8
0
-16
-30
-7
16
0
-20
-18
8
22
-1
-22
-3
30
8
-28
-22
24
33
-6
-26
2
20
-4
-33
-24
13
13
-27
-48
-8
14
-25
-34
-26
-3
-8
-39
-53
-10
3
-15
-58
-48
-5
3
-24
-54
-42
14
27
-20
-57
-26
24
22
-12
-38
-16
44
24
-24
-9
19
38
16
-12
0
27
28
6
-8
11
35
31
7
-5
11
48
29
-22
-4
38
36
-3
-30
-1
39
26
-20
-32
1
30
15
-20
-37
-1
41
12
-27
-28
8
28
9
-11
-16
13
38
24
-9
-9
19
44
22
-2
4
46
56
17
-12
12
57
61
18
-19
13
62
67
6
-31
-7
58
52
-19
-50
19
60
10
-50
-32
22
32
-17
-60
-18
33
7
-42
-28
7
-2
-34
-31
4
3
-24
-36
-22
2
8
-15
-38
-12
17
3
-17
-19
2
12
1
-7
0
-1
6
1
-3
-2
11
-3
-1
0
4
7
-5
-25
-15
4
17
-16
-54
-27
5
20
-26
-74
-22
24
-4
-65
-52
9
17
-54
-72
-15
23
-15
-76
-44
22
34
-41
-72
4
43
-8
-55
-19
36
36
-13
-39
21
51
10
-35
-3
48
41
-7
-30
25
62
22
-18
0
37
42
8
-19
2
34
39
-4
-17
5
19
17
-7
-14
-4
24
6
-23
-21
9
12
8
-16
-18
-6
20
7
-18
-2
22
26
7
-4
1
38
40
6
-12
21
61
37
2
-1
28
55
34
3
14
36
55
39
-11
-9
20
58
20
-8
-1
26
19
-4
-13
1
12
-10
-18
-20
-2
11
15
-37
-51
-5
33
-2
-54
-48
6
36
-16
-72
-50
35
47
-32
-74
-16
56
18
-51
-35
22
32
-15
-30
2
38
7
-34
-10
21
24
-8
-15
2
8
-8
-1
-6
-11
-25
-9
-4
-6
-27
-23
-10
2
-23
-46
-27
4
-13
-46
-43
-19
-9
-16
-36
-46
-36
-1
1
-29
-47
-15
9
-9
-26
-17
11
19
-13
-27
5
34
26
-18
-27
25
52
15
-15
-3
34
50
10
-15
0
31
41
16
-12
5
33
38
-5
-21
24
26
14
-18
-22
18
34
0
-33
-27
27
32
-14
-38
-7
24
12
-27
-16
28
34
-4
-31
-1
39
45
9
-22
8
51
44
4
-13
26
66
35
-12
13
58
53
17
-9
15
58
42
-1
-24
15
52
24
-24
-20
21
34
-1
-32
-27
15
17
-14
-47
-29
16
19
-15
-38
-20
-4
-2
-17
-32
-24
2
2
-23
-32
-2
14
-15
-36
-6
11
11
-19
-29
10
40
-12
-34
3
38
7
-27
-26
18
22
0
-14
-6
-2
-4
-16
-10
-1
-14
-26
-18
-3
-13
-26
-27
-10
-17
-33
-38
-15
-5
-18
-54
-43
-7
-1
-25
-60
-33
20
12
-39
-49
-4
32
14
-40
-43
-1
52
34
-10
-41
-2
47
47
-4
-29
12
51
42
-8
-25
23
62
26
-28
-8
54
55
-8
-35
3
59
31
-33
-27
22
41
1
-47
-22
29
39
-17
-54
-12
32
27
-9
-35
-9
24
24
1
-13
0
21
34
5
4
9
17
33
35
5
6
39
45
16
-4
29
54
35
11
7
32
56
19
-18
4
55
35
-23
-18
24
40
-10
-43
-11
30
10
-25
-32
-12
10
-3
-25
-21
-1
-6
-26
-26
-3
-3
-25
-28
-14
9
-20
-34
-6
10
4
-11
-31
-1
30
-5
-26
-7
26
19
-33
-31
24
33
2
-35
-1
36
8
-31
-18
12
22
-16
-37
-20
6
2
-25
-32
-16
-6
-22
-27
-18
-26
-26
-27
-26
-27
-32
-28
-10
-20
-43
-32
18
-7
-46
-44
14
29
-2
-44
-25
35
32
-14
-30
20
53
19
-26
-19
44
63
-4
-36
16
64
26
-17
-15
25
64
24
-37
-9
54
46
-23
-38
12
48
24
-25
-35
19
33
3
-34
-17
9
26
5
-23
-23
7
16
12
-6
-1
6
26
20
-9
1
23
39
7
-6
17
51
39
-3
7
43
42
16
13
10
37
49
40
-10
-12
41
60
4
-35
-7
35
29
-8
-21
-2
10
14
-13
-26
-12
7
7
-23
-28
2
4
-21
-36
-22
11
12
-36
-57
-4
27
1
-44
-39
-6
24
23
-33
-36
8
25
8
-25
-29
13
40
1
-38
-12
27
18
-7
-11
2
8
-7
-17
-18
0
12
-13
-34
-27
-10
1
-21
-48
-29
2
5
-39
-61
-31
17
-4
-53
-54
-19
0
-20
-48
-27
1
-4
-13
-28
-11
8
-3
-7
0
4
3
2
18
10
4
9
29
23
-8
-9
22
51
18
-29
11
62
39
-25
-24
41
48
3
-29
2
37
32
-15
-24
-3
15
25
-4
-46
-12
44
31
-39
-56
-1
58
34
-47
-56
28
73
15
-47
-24
49
66
8
-50
0
78
69
-11
-40
30
91
42
-36
-4
72
71
-2
-35
24
71
39
-15
-22
21
56
12
-23
-10
22
26
-4
-28
-23
-2
15
-3
-25
-30
-10
11
12
-31
-51
-18
26
11
-40
-63
-17
37
11
-48
-66
-1
49
21
-53
-57
4
53
17
-48
-42
20
42
3
-43
-15
30
44
-8
-50
-5
39
15
-31
-37
19
25
-11
-50
-35
-5
7
-12
-37
-40
-9
5
-34
-49
-19
-13
-25
-35
-43
-13
5
-22
-63
-31
11
11
-33
-40
-15
21
3
-20
-13
10
18
8
-10
3
19
15
-1
5
33
22
-10
-9
35
48
6
-20
25
53
25
-30
-15
51
53
-10
-42
20
45
9
-33
-29
33
45
-16
-36
-6
33
6
-30
-18
20
23
-19
-17
4
34
21
-9
-12
14
37
33
4
-15
13
53
33
2
-2
38
53
19
-15
28
72
45
-19
-4
56
78
4
-52
-10
82
66
-43
-70
31
87
8
-81
-37
62
41
-45
-71
14
49
-21
-73
-28
42
35
-57
-73
4
52
-18
-71
-49
23
47
-11
-72
-46
33
43
-25
-47
3
24
7
-17
-8
9
0
10
2
-1
2
0
5
-1
-5
2
-6
-13
-10
10
-7
-36
-18
7
-20
-45
-36
6
9
-42
-61
-26
23
-17
-72
-60
-6
15
-27
-70
-50
25
37
-49
-72
1
46
0
-44
-40
31
51
-5
-36
-5
40
31
3
-20
-6
37
46
3
-20
16
52
29
-19
-11
42
39
5
-12
5
25
15
3
6
6
8
2
-1
5
-1
3
-10
-7
6
7
-13
-14
-2
19
10
-22
-5
23
16
-3
-5
2
38
31
6
-11
19
53
19
3
18
37
22
20
22
31
45
17
4
27
32
28
15
-1
19
29
15
-6
-15
17
33
-1
-33
-8
19
0
-18
-21
3
6
-18
-28
-7
3
-17
-31
-20
3
-10
-25
-27
-12
-11
-6
-10
-14
-20
-9
-2
-19
0
19
11
-15
-22
11
18
-4
-6
12
12
-6
-14
8
19
5
-26
-20
10
13
-18
-28
-10
-9
-18
-14
-14
-18
-26
-31
-20
-26
-28
-16
-30
-40
-25
-7
-22
-40
-41
-8
2
-30
-30
-14
1
-12
-15
-8
-11
21
14
-24
-7
32
35
-15
-21
31
52
9
-28
4
42
48
1
-24
8
46
40
1
-10
0
37
38
-3
-24
-6
27
43
-9
-43
-3
35
30
-20
-27
-6
31
8
-25
-19
14
27
0
-26
-2
29
41
-3
-21
15
35
20
-6
6
34
46
13
-12
23
52
43
1
-2
48
57
9
-2
42
48
7
-12
18
32
29
1
-19
2
23
10
-11
-18
-13
13
14
-14
-31
-13
-3
-17
-3
-12
-26
-19
-20
-1
-5
-32
-49
-5
24
-22
-45
-4
14
-5
-30
-12
10
2
-14
-7
8
15
-2
-15
0
10
6
11
2
-16
-7
15
16
-17
-30
-4
15
1
-25
-35
-23
-2
0
-26
-33
-27
-2
-22
-61
-30
12
-12
-45
-52
-14
-11
-37
-48
-12
18
-14
-57
-19
22
14
-18
-37
-8
44
27
-29
-25
30
43
5
-17
1
30
29
1
2
26
26
14
15
22
17
15
9
21
11
-1
6
25
24
-2
-25
6
30
12
-33
-20
35
25
-24
-36
5
31
8
-34
-17
21
35
7
-31
-26
38
53
14
-29
-10
42
55
24
-23
-1
56
50
11
-8
14
55
59
12
-17
2
68
62
-4
-38
9
76
49
-50
-54
43
79
-4
-85
-36
61
55
-40
-79
-11
56
12
-52
-44
13
10
-19
-37
-26
-5
-5
-13
-22
-29
-17
-7
11
-2
-35
-29
19
24
-7
-34
-6
23
19
-15
-28
14
38
8
-35
-22
26
38
-9
-42
-17
16
22
-20
-42
-14
13
3
-35
-48
-18
3
-15
-39
-41
-19
-5
-23
-46
-44
-15
-13
-37
-41
-15
4
-11
-39
-27
2
18
-11
-36
-7
26
22
-9
-31
3
38
30
-3
-21
8
52
36
-30
-12
54
44
-15
-11
31
36
13
-14
2
34
34
4
-21
3
29
7
-5
-11
-1
19
6
-5
-7
4
-2
-4
-5
11
-6
-7
-2
11
10
10
-1
8
11
16
18
17
7
12
33
32
4
6
24
33
38
26
7
30
30
29
24
23
15
19
26
20
23
12
-14
7
28
5
-19
-12
16
16
-19
-35
-11
19
4
-36
-35
0
15
-20
-40
-26
-2
3
-25
-41
-15
5
8
-30
-46
-11
47
25
-57
-61
27
62
4
-66
-24
58
59
-27
-73
-7
72
43
-51
-54
10
59
28
-63
-70
13
64
-16
-76
-50
24
25
-29
-75
-33
17
-8
-43
-47
-25
-11
-14
-25
-39
-30
-17
-18
-17
-11
-21
-19
-1
-3
-24
-8
13
13
-4
-11
-10
33
34
-17
-14
29
45
8
-35
-7
57
58
-21
-44
30
82
25
-42
-17
49
39
0
-19
9
33
9
-20
-5
21
14
-7
-18
-1
15
17
-8
-29
2
14
0
-6
4
3
7
12
4
4
9
15
23
17
1
9
38
35
7
9
35
39
20
6
28
54
31
-5
25
47
23
-1
13
22
26
12
0
-4
7
23
0
-17
-13
7
7
-17
-18
3
-8
-36
-21
8
1
-37
-30
1
6
-26
-42
-18
14
-6
-32
-29
-1
13
-10
-25
-1
13
-5
-15
0
18
5
-15
-15
14
26
-2
-15
-8
16
15
-12
-25
1
-3
0
-7
-16
-37
-13
4
-19
-46
-34
6
0
-29
-62
-38
9
2
-49
-67
-20
16
-17
-61
-53
8
28
-11
-55
-41
11
28
12
-30
-35
16
54
12
-32
-22
34
45
5
-22
1
33
30
3
4
13
23
28
9
1
13
31
14
14
18
3
-8
10
7
16
8
-5
7
3
-1
-7
8
15
-20
-30
3
34
3
-22
-24
17
44
13
-30
-16
39
58
4
-32
4
51
46
3
0
24
37
27
28
29
18
28
34
31
14
12
33
25
4
14
51
20
-39
-15
34
48
1
-51
-28
39
31
-31
-51
-4
20
-5
-27
-29
2
-3
-32
-26
-6
12
-24
-54
-27
20
13
-27
-34
-8
3
5
-1
1
-5
-10
-12
10
16
-9
-7
15
16
-5
-22
-7
32
18
-22
-33
-5
8
2
-13
-21
-9
-6
-31
-27
-20
-5
-13
-40
-35
-17
-7
-20
-42
-54
-17
10
-19
-45
-56
-15
28
7
-63
-54
32
55
-29
-75
-15
67
53
-44
-69
31
82
23
-51
-25
46
64
6
-44
12
64
34
-17
-21
27
54
22
-13
3
20
24
-1
-8
17
5
1
10
14
-17
-13
21
14
-16
-19
0
21
6
-31
-26
12
36
0
-37
-8
47
41
-14
-28
22
51
21
8
12
22
25
44
30
-8
11
57
55
24
-5
17
66
46
-15
-23
28
67
22
-20
-17
28
47
-13
-40
3
26
9
-22
-38
-14
9
-4
-21
-21
-6
-3
-23
-19
-5
-21
-29
-16
6
-7
-30
-24
-8
0
-2
-16
-3
2
-2
-6
4
3
-8
4
8
-5
-6
-2
16
20
-1
-19
-9
8
8
-14
-26
-4
13
-1
-38
-45
1
12
-16
-41
-42
-13
-5
-25
-51
-23
-10
-25
-34
-36
-20
-21
-20
-30
-11
3
-21
-39
-10
11
6
-13
-31
1
34
4
-27
3
48
26
-25
-19
31
45
18
-21
10
41
32
-7
8
34
28
-1
-1
32
25
1
-12
22
32
-5
-20
0
18
19
2
-22
-11
18
17
-9
-40
-15
33
24
-19
-35
8
50
16
-40
-20
32
49
31
-13
-17
40
42
16
-4
26
53
30
5
9
42
56
18
-8
20
57
34
-1
-2
17
31
30
5
-15
-9
7
20
6
-18
-19
-8
11
-1
-21
-27
-27
3
8
-25
-44
-20
18
8
-42
-42
2
16
-19
-45
-22
22
16
-22
-36
1
29
6
-31
-24
24
43
-9
-42
-16
24
44
7
-50
-33
36
42
-23
-45
-19
15
20
-24
-33
-8
-6
-24
-31
-25
-11
-18
-20
-33
-37
-15
-8
-38
-51
-27
0
-15
-47
-27
-3
-5
-22
-37
-12
16
7
-22
-24
6
39
9
-29
-12
28
35
6
0
-1
15
31
17
4
9
14
28
27
0
10
28
26
5
8
20
14
9
4
-3
-9
26
19
-17
-16
3
20
10
-18
-4
2
-2
-9
-10
0
7
15
5
-15
4
31
24
4
-6
17
47
23
-6
9
27
38
31
12
15
38
47
24
-1
24
51
40
5
-10
19
39
16
-6
7
13
14
-5
-10
-12
2
9
-2
-28
-34
7
16
-4
-48
-30
-1
10
-4
-39
-42
2
21
-16
-48
-34
10
27
-16
-53
-14
37
19
-30
-33
14
31
5
-30
-23
22
32
-3
-19
-11
17
18
-4
-19
-19
1
13
0
-23
-40
-14
13
-2
-36
-48
-13
1
-20
-39
-27
-12
-14
-38
-43
-17
-4
-10
-45
-62
-8
34
-2
-60
-52
19
39
-12
-59
-18
45
39
-20
-37
5
47
26
-10
-11
18
33
16
-2
6
31
24
13
13
20
13
26
12
-5
18
32
-5
-9
-1
5
19
18
-20
-26
11
36
17
-31
-50
18
41
3
-38
-30
20
31
7
-22
-12
31
30
3
-9
13
46
30
-3
4
31
45
30
2
14
39
35
19
25
27
33
27
13
12
12
33
24
11
-2
-5
12
23
4
-26
-13
9
9
-14
-34
-6
18
4
-37
-40
2
15
-16
-41
-24
6
6
-30
-41
-2
17
-6
-35
-32
6
24
-3
-21
-15
4
1
-6
-6
-2
15
9
-20
-8
18
-10
-6
14
0
-20
1
18
-16
-45
-11
24
2
-38
-47
-10
10
-17
-43
-37
-3
-18
-46
-33
-4
0
-53
-56
-12
0
-28
-35
-11
-6
-30
-18
-1
-4
-30
-15
23
17
-14
-17
3
37
17
-37
-3
54
49
-26
-49
37
79
33
-48
-38
61
94
-1
-53
-8
71
68
-23
-66
11
77
29
-46
-41
18
51
22
-40
-46
8
43
21
-36
-36
8
31
16
-29
-13
20
21
20
0
-5
23
37
9
-8
20
51
37
-1
0
37
55
33
0
14
47
49
19
11
33
24
2
11
28
27
-4
-3
6
11
1
-16
-10
12
15
-22
-34
-1
11
-18
-30
-5
8
-22
-39
-7
11
-11
-42
-39
7
26
-24
-53
-10
25
13
-34
-31
11
24
-15
-30
1
32
-3
-23
-10
11
20
4
-18
-22
16
25
5
-29
-19
10
0
-11
-29
-28
1
11
-30
-45
-23
2
5
-39
-56
-26
3
-6
-45
-50
-21
-1
-25
-49
-37
10
6
-27
-48
-20
28
24
-21
-49
0
51
14
-23
-15
37
36
-1
-18
13
32
30
-7
1
33
34
18
-10
2
40
44
3
-13
14
27
9
1
13
3
-10
6
12
11
2
-22
-16
16
18
-16
-28
-4
20
13
-21
-25
33
39
-7
-34
11
56
35
-13
-5
34
42
19
-6
6
38
58
26
-8
18
63
55
-9
-19
42
71
18
-22
-5
43
49
-9
-37
2
44
23
-27
-35
3
32
-6
-41
-28
5
21
-16
-39
-17
-2
-10
-15
-18
-16
-13
-15
-7
-8
-24
-27
-4
12
-12
-20
-9
6
1
-9
-3
7
9
-27
-13
26
8
3
-10
4
-1
-1
5
12
-9
-14
-10
0
1
-21
-31
-5
3
-22
-33
-22
-5
-12
-35
-42
-23
5
-31
-66
-36
20
-8
-59
-61
-8
35
-15
-72
-46
36
44
-35
-59
18
54
3
-40
-19
42
50
2
-29
4
47
32
4
-17
13
46
25
-6
14
28
32
12
-5
9
35
6
-13
5
27
13
-8
-12
-3
9
22
2
-28
-16
12
21
-1
-20
-20
3
18
11
-11
-14
27
34
-4
-22
23
53
16
-12
8
37
50
15
10
26
32
28
28
24
21
21
40
34
11
-6
13
40
39
0
-32
0
40
38
-21
-52
-10
40
29
-32
-55
5
27
-19
-45
-10
31
-3
-58
-36
17
16
-31
-34
-22
1
8
-13
-38
-15
6
14
-12
-24
1
4
0
-5
-6
-6
16
1
-2
4
-2
4
12
7
-10
-16
0
8
-7
-14
-19
-28
1
7
-35
-29
-10
-16
-31
-37
-12
-9
-17
-29
-58
-40
-1
-7
-45
-49
-11
5
-9
-48
-41
9
25
-7
-37
-22
3
30
16
-16
-18
29
39
-11
-12
23
40
19
-7
5
29
31
7
-9
28
38
10
-1
10
31
22
-2
-10
18
25
1
-21
-8
20
26
-8
-28
-12
26
18
-26
-31
15
28
6
-28
-9
24
21
-1
-16
7
37
33
9
-14
8
48
36
6
4
28
44
30
12
7
35
55
35
5
0
25
48
38
-1
-20
14
52
21
-37
-30
37
47
-16
-62
-26
43
32
-40
-54
6
39
-11
-46
-33
21
20
-43
-53
-16
11
2
-27
-26
-14
-9
-1
-9
-12
-5
1
-6
-6
-3
-3
-2
3
21
-6
-24
2
36
13
-36
-24
28
43
-10
-57
-23
42
32
-44
-78
-14
46
8
-66
-75
8
39
-25
-82
-46
13
5
-48
-54
-17
-3
-28
-41
-40
-5
1
-17
-29
-15
7
-1
-2
-4
0
3
4
3
13
13
9
14
21
10
-3
5
37
43
-5
-21
20
59
24
-16
-4
27
38
22
-19
-27
25
40
-1
-26
-5
31
14
-14
-25
-4
20
6
-17
-14
1
14
-2
-20
2
20
20
0
-9
1
21
32
17
3
8
27
34
21
10
13
36
28
20
27
31
21
14
24
36
36
12
-5
24
35
10
-5
-1
17
18
-10
-22
4
16
-3
-27
-16
-1
6
-19
-16
-6
3
-26
-44
-4
16
-18
-44
-20
3
-14
-26
-20
7
-2
-25
-17
5
16
-15
-26
-1
23
15
-25
-15
12
13
3
-1
-7
5
9
1
-11
-12
-9
5
-6
-32
-25
-1
7
-24
-33
-10
-8
-24
-34
-27
-25
-24
-13
-21
-40
-44
-20
-3
-30
-47
-22
23
-3
-60
-52
24
48
-20
-57
-9
54
40
-31
-38
28
48
-1
-15
15
37
23
0
-10
20
41
30
-14
-10
31
54
18
-26
-10
41
31
-6
-28
9
28
20
4
-23
-15
24
22
-15
-18
-15
21
26
-9
-35
-3
35
13
-26
-6
27
31
0
-8
13
36
24
-3
6
29
33
21
11
11
34
49
23
15
0
32
46
35
1
4
38
31
11
-23
-2
36
36
3
-41
-20
26
33
-6
-53
-29
25
7
-28
-29
2
12
-15
-40
-24
-4
-5
-24
-29
-15
-2
-11
-22
-15
-9
-3
-11
0
-6
-15
-2
-1
6
-2
-18
5
25
17
-28
-20
21
35
8
-28
-27
4
29
-10
-42
-13
21
-5
-33
-41
-14
8
-9
-43
-49
-22
6
-24
-43
-46
-7
-5
-53
-46
-11
-2
-26
-33
-30
-3
3
-12
-17
-12
10
2
4
-5
0
23
24
-11
-24
22
56
8
-32
-5
65
56
-13
-52
14
82
52
-26
-31
23
43
14
-20
-24
30
48
4
-30
-26
16
33
4
-33
-18
31
19
-24
-34
6
34
16
-21
-40
11
54
18
-29
-29
41
65
9
-44
-3
82
58
-14
-31
27
82
41
-19
-10
41
65
34
-6
6
30
43
28
-4
-7
16
36
17
-15
-15
4
18
10
-26
-26
8
19
-16
-34
-25
14
13
-20
-42
-23
2
-11
-30
-16
-3
-16
-27
-26
-6
-6
-10
-10
3
6
-22
-17
13
17
-14
-24
16
19
0
-14
-1
28
8
-27
-9
9
21
-11
-37
-6
15
5
-39
-51
-12
28
-17
-55
-33
1
-11
-40
-52
-15
5
-28
-54
-32
-23
-14
-17
-29
-37
-14
1
-2
-17
-25
-7
14
15
-14
-15
15
19
12
11
-15
13
22
26
5
-4
13
33
28
-7
0
23
33
24
0
1
24
25
5
-10
7
30
12
-22
-3
29
7
-22
-11
15
15
1
-19
-21
19
22
-17
-27
2
29
34
-24
-29
23
48
22
-9
-1
25
30
21
5
13
32
36
27
8
19
42
34
23
5
16
45
43
-9
-5
32
48
11
-25
-13
27
18
-10
-19
0
16
8
-22
-44
-9
23
-7
-25
-34
-20
-6
3
-9
-33
-34
-3
-8
-22
-21
-15
-20
6
7
-18
-29
4
23
-19
-28
5
25
17
-16
-27
12
36
-1
-13
-11
16
25
-7
-42
-3
20
1
-35
-27
-3
4
-9
-42
-38
-10
5
-24
-49
-32
-6
4
-42
-67
-36
16
3
-66
-66
4
36
-8
-64
-49
28
42
-22
-66
-7
48
32
-4
-30
-8
38
45
-4
-23
-6
26
49
19
-11
-6
30
42
13
-4
16
35
25
-14
-5
28
27
12
-14
-10
3
31
22
-19
-24
11
21
5
-21
-31
10
39
7
-37
-31
24
36
0
-22
3
18
32
21
-8
10
27
25
4
15
32
36
26
5
10
35
46
33
15
18
20
37
22
2
12
31
22
2
-3
20
22
1
-24
-16
10
15
-2
-29
-21
2
12
-20
-34
-6
12
-22
-45
-16
15
-14
-39
-35
4
5
-8
-32
-31
7
22
-5
-33
-26
10
39
9
-42
-23
23
43
2
-53
-27
56
51
-21
-59
-14
48
28
-45
-62
8
43
-9
-54
-39
-3
7
-14
-41
-42
-12
-2
-13
-47
-51
-20
-8
-9
-34
-60
-34
12
22
-32
-69
-24
43
26
-35
-48
-1
43
29
-42
-34
38
64
2
-58
4
74
54
-38
-50
47
85
9
-61
-8
85
62
-23
-36
24
64
27
-45
-33
35
59
2
-36
-10
32
16
-7
-22
-4
30
7
-20
-14
-3
6
10
-6
-12
13
25
2
-14
9
32
26
9
-4
11
37
32
12
4
18
46
39
20
10
27
40
30
16
25
27
15
5
11
36
33
-11
-18
21
25
-10
-26
3
17
-14
-18
-17
3
-5
-32
-17
9
3
-38
-41
-3
1
-21
-39
-5
5
-16
-41
-15
16
-3
-22
-10
3
0
-8
-5
-2
1
3
5
2
9
-2
-11
7
4
7
1
-11
-6
2
-13
-21
-1
3
-13
-41
-25
17
-16
-53
-31
3
-5
-32
-54
-22
1
-26
-49
-30
-2
-16
-39
-40
-8
3
-27
-38
1
16
-1
-22
-27
3
32
16
-15
-17
21
26
14
4
12
16
2
11
26
22
-1
0
33
43
2
-6
19
22
9
11
10
2
13
19
1
-9
-5
17
12
-10
-13
20
15
-32
-45
20
57
-9
-47
-12
39
36
-10
-36
4
44
33
-2
-15
10
49
45
-1
-13
23
62
46
4
-5
37
63
34
-11
4
56
52
14
-22
-5
60
48
-29
-45
27
62
8
-68
-47
26
57
-17
-73
-27
37
10
-37
-38
7
0
-26
-30
-5
-14
-27
-24
-1
-6
-13
-29
-11
-2
-3
-1
6
-4
-12
-10
12
16
0
-18
-13
6
19
16
-1
-15
-4
19
19
-27
-38
-1
24
-6
-38
-30
5
11
-16
-55
-39
10
-4
-34
-53
-32
13
-12
-64
-52
5
16
-38
-67
-32
37
14
-65
-69
22
54
-20
-62
-14
40
41
-17
-42
10
55
16
-31
-11
43
38
0
-25
23
49
22
-14
0
34
33
10
4
15
12
6
18
16
-1
-12
8
25
10
-15
-12
2
17
-3
-20
-9
23
19
-14
-35
8
29
2
-20
-10
24
27
10
-16
3
36
36
8
-1
13
47
39
17
2
18
36
56
29
-1
8
57
58
-1
-37
20
82
25
-46
-29
47
56
-16
-59
-9
42
31
-45
-52
4
34
1
-47
-43
11
20
-8
-47
-48
-6
22
-1
-41
-52
-2
32
0
-45
-43
6
40
5
-46
-35
28
36
-11
-43
-3
34
27
-26
-27
15
33
-5
-27
-12
20
9
-27
-31
-1
10
-16
-32
-11
-13
-29
-28
-12
-3
-28
-45
-28
-6
-12
-43
-49
-9
-7
-30
-40
-20
10
-5
-46
-40
20
31
-35
-53
8
46
14
-40
-23
33
52
-10
-34
15
54
24
-16
-6
29
31
14
4
19
16
11
13
14
22
17
13
2
-8
11
30
22
-17
-22
-2
17
20
-12
-20
4
10
-9
-12
-1
11
9
-9
-6
13
7
0
8
11
22
19
4
12
34
31
5
15
43
43
4
-4
33
67
34
-5
2
38
53
26
-14
5
44
34
-10
-13
19
25
1
-31
-12
19
2
-21
-16
4
2
-33
-32
11
14
-29
-53
-10
23
-9
-46
-34
7
16
-27
-52
-16
38
3
-29
-32
8
37
-8
-42
-13
22
23
-2
-24
-14
19
26
0
-27
-19
13
28
-9
-37
-37
21
38
-14
-74
-44
26
30
-33
-67
-36
19
8
-54
-71
-4
21
-26
-72
-47
11
-1
-27
-64
-33
34
15
-47
-58
6
32
3
-19
-27
19
30
3
-12
-8
8
37
30
-3
-21
11
46
35
3
-14
13
45
37
-4
-5
32
41
14
-27
-10
43
46
-15
-45
9
50
21
-41
-37
18
33
5
-39
-25
21
20
-5
-16
-5
11
8
19
4
-14
14
34
27
-3
-1
24
43
33
7
13
33
41
24
3
20
45
47
17
8
33
49
23
-12
-7
32
35
4
-13
2
13
0
1
-14
-17
-11
6
-7
-15
-12
-14
-19
-16
-12
-6
-18
-22
-20
-18
-9
1
-11
-39
-20
15
19
-32
-38
8
29
1
-29
-14
11
20
-4
-30
-15
29
30
-12
-30
-5
37
9
-26
-29
7
19
-4
-42
-35
-4
24
-2
-68
-46
15
15
-36
-58
-24
5
-8
-44
-49
-23
-4
-23
-41
-30
-2
-15
-34
-34
-11
19
5
-37
-30
27
26
-13
-14
15
34
9
-18
-2
22
31
22
0
-4
25
33
23
12
7
13
16
30
28
3
-9
10
31
22
-12
-16
16
39
0
-37
-11
32
22
-26
-35
-2
24
17
-16
-38
-3
34
20
-17
-19
4
42
27
-7
-13
25
55
26
-3
-7
29
58
27
4
16
31
48
35
14
13
35
40
10
-1
9
35
39
-9
-35
12
52
22
-41
-40
14
32
-11
-29
-21
-6
2
-10
-21
-16
-8
-2
-24
-26
-5
4
-16
-40
-34
1
11
-14
-27
-11
11
3
-27
-22
9
25
2
-29
-22
15
32
15
-32
-20
16
24
-1
-20
-2
13
0
-26
-25
-1
7
-8
-31
-26
-18
-15
-14
-20
-36
-32
-11
-9
-24
-46
-39
-7
-6
-45
-59
-28
34
1
-68
-52
9
39
-4
-51
-33
19
46
3
-33
-10
35
31
-11
-12
25
37
6
-7
21
32
11
9
7
29
29
10
1
17
29
25
9
-18
1
24
22
1
-21
-7
14
17
2
-17
-21
13
17
-15
-22
6
24
15
-17
-30
18
34
10
-13
11
34
31
1
-2
26
49
30
-12
10
46
56
22
4
15
40
39
19
12
36
25
-4
20
42
9
-19
5
29
13
-9
-19
-8
21
0
-33
-19
16
4
-36
-34
6
18
-25
-50
-11
18
-5
-45
-35
-3
20
-6
-55
-39
19
31
