#8
-367
253
495
-26
-485
-162
422
363
-241
-452
57
496
174
-412
-342
282
485
-58
-499
-143
448
359
-280
-463
91
513
149
-431
-325
305
467
-76
-489
-119
454
336
-293
-452
117
517
128
-444
-301
321
460
-102
-488
-94
468
313
-307
-427
135
506
102
-445
-277
343
447
-130
-493
-64
484
288
-340
-420
168
505
63
-458
-258
349
422
-160
-484
-50
464
263
-344
-414
155
483
61
-464
-264
343
417
-161
-484
-54
456
250
-347
-395
172
467
26
-451
-219
356
370
-194
-454
-7
455
209
-365
-363
208
450
-5
-452
-192
364
352
-210
-442
18
444
172
-373
-335
222
429
-33
-448
-168
369
318
-230
-423
34
440
149
-373
-315
232
418
-53
-441
-139
380
305
-244
-414
68
447
127
-382
-286
261
404
-76
-431
-100
396
273
-265
-378
113
439
84
-387
-241
295
384
-116
-421
-57
406
247
-281
-357
139
428
67
-394
-221
309
372
-131
-415
-29
412
218
-299
-338
163
428
32
-405
-194
338
356
-166
-421
-8
427
211
-324
-336
192
429
12
-408
-176
347
346
-175
-402
8
423
195
-319
-323
191
419
12
-403
-171
343
333
-184
-398
18
420
169
-336
-306
209
399
-26
-402
-146
335
294
-204
-380
32
393
135
-329
-283
201
364
-45
-389
-127
326
263
-214
-362
56
384
111
-337
-261
218
349
-64
-372
-103
324
239
-218
-336
63
362
91
-323
-228
215
311
-76
-343
-82
302
203
-217
-302
76
319
55
-306
-195
203
273
-97
-327
-63
291
171
-229
-284
93
308
26
-305
-169
227
259
-121
-323
-26
304
157
-228
-260
115
311
21
-300
-148
243
260
-122
-302
1
311
147
-228
-228
136
298
15
-267
-122
233
242
-119
-275
19
298
125
-226
-205
156
285
-10
-280
-98
248
222
-138
-268
37
292
103
-232
-196
151
273
-18
-271
-85
238
198
-142
-246
40
272
91
-216
-183
150
257
-23
-254
-81
234
198
-138
-243
44
272
89
-227
-174
154
255
-25
-257
-79
226
191
-134
-244
28
261
91
-221
-186
138
247
-30
-257
-85
218
176
-149
-240
37
248
59
-223
-164
141
222
-51
-244
-67
209
150
-141
-212
36
220
58
-199
-143
130
191
-46
-214
-48
185
125
-133
-181
45
200
38
-186
-122
126
170
-58
-197
-36
173
107
-137
-172
48
183
22
-179
-108
122
149
-67
-191
-20
173
79
-139
-148
70
164
-5
-172
-66
136
115
-90
-149
24
163
50
-146
-113
98
157
-28
-160
-38
143
102
-86
-133
32
155
43
-125
-92
94
143
-25
-143
-32
138
102
-88
-127
40
155
37
-128
-79
102
134
-34
-136
-17
141
84
-91
-117
46
146
22
-128
-67
102
119
-40
-126
-10
125
79
-78
-104
41
135
29
-106
-71
85
122
-17
-117
-25
119
90
-65
-106
31
131
34
-98
-61
75
99
-20
-101
-16
98
61
-68
-84
34
94
7
-86
-48
59
66
-27
-85
-17
72
41
-60
-77
18
75
16
-76
-54
40
70
-15
-77
-16
58
35
-50
-58
14
57
9
-50
-40
22
43
-11
-53
-13
34
21
-25
-46
-2
39
15
-43
-38
14
36
-6
-48
-20
22
23
-19
-47
-7
30
13
-36
-43
1
39
4
-49
-31
26
32
-17
-47
-7
39
19
-36
-40
13
39
3
-28
-18
15
26
-4
-27
-4
30
18
-18
-17
15
33
9
-27
-10
34
32
-11
-22
13
31
6
-15
-7
19
23
5
-11
0
23
19
-10
-16
12
32
9
-20
-10
21
31
-3
-23
-7
32
27
-8
-29
1
36
24
-24
-18
24
35
3
-19
-10
31
36
-5
-27
8
40
22
-17
-22
20
37
9
-23
-11
29
31
-1
-21
-11
17
30
-1
-30
-11
28
22
-15
-38
-5
31
23
-26
-39
0
34
6
-39
-32
16
31
-13
-44
-13
35
26
-30
-48
0
40
12
-35
-36
11
38
-4
-40
-25
26
29
-19
-42
-9
32
15
-29
-34
2
34
-1
-47
-26
32
39
-20
-61
-16
44
28
-40
-55
0
46
7
-51
-41
17
40
-2
-53
-37
34
47
-27
-70
-9
61
35
-52
-64
21
68
4
-72
-34
57
58
-34
-72
10
72
22
-60
-36
51
58
-20
-55
3
65
37
-41
-52
27
71
11
-57
-29
51
61
-15
-57
-2
64
40
-36
-49
26
67
9
-53
-30
51
63
-19
-66
-3
73
43
-50
-63
31
92
7
-77
-29
70
72
-34
-71
18
87
33
-64
-53
57
87
-2
-78
-17
82
65
-38
-71
10
90
36
-68
-57
52
82
-11
-86
-24
85
61
-60
-90
22
96
11
-90
-56
58
78
-29
-98
-20
77
49
-63
-88
10
88
28
-88
-78
54
94
-16
-109
-37
85
66
-66
-103
17
99
19
-95
-70
54
90
-22
-111
-33
97
62
-77
-105
22
107
17
-108
-70
67
86
-38
-107
-16
83
41
-72
-85
21
82
6
-94
-60
56
79
-31
-104
-26
83
54
-63
-87
19
88
16
-78
-56
48
69
-15
-71
-21
64
51
-42
-64
23
81
17
-70
-43
62
83
-15
-81
-17
79
63
-40
-73
16
86
31
-64
-50
50
76
-5
-70
-18
75
55
-41
-67
19
80
23
-65
-41
52
77
-17
-77
-5
76
48
-49
-60
34
88
8
-79
-29
80
74
-35
-79
15
100
36
-71
-50
65
88
-21
-82
-2
91
50
-59
-68
35
95
16
-87
-51
65
82
-20
-98
-23
89
63
-66
-96
15
99
28
-99
-82
59
100
-18
-117
-40
96
77
-70
-116
13
109
30
-95
-84
54
99
-15
-111
-47
86
83
-58
-116
5
107
38
-96
-84
54
97
-23
-120
-38
98
75
-74
-115
12
115
29
-113
-88
63
100
-27
-121
-37
89
65
-67
-110
10
97
19
-96
-72
55
83
-25
-102
-28
80
56
-64
-91
20
98
19
-90
-59
56
91
-13
-91
-25
78
63
-43
-70
12
74
37
-56
-52
43
75
0
-71
-17
74
52
-44
-65
20
85
25
-72
-42
60
72
-19
-69
-7
76
42
-51
-58
35
78
0
-69
-22
66
54
-33
-64
12
76
33
-53
-48
43
78
-1
-64
-10
64
54
-26
-53
13
72
27
-44
-39
40
70
1
-61
-21
54
50
-29
-54
12
67
14
-67
-42
45
65
-13
-75
-26
67
50
-49
-74
9
76
17
-73
-57
36
61
-11
-75
-23
57
40
-42
-66
4
67
11
-63
-49
34
54
-18
-72
-17
55
33
-42
-60
8
52
18
-55
-56
20
63
8
-68
-42
41
53
-25
-70
-16
55
28
-54
-58
17
57
-1
-70
-42
43
50
-27
-74
-20
55
31
-47
-60
11
57
4
-60
-37
40
51
-18
-70
-8
60
36
-37
-52
16
58
14
-46
-33
44
54
-14
-47
2
56
33
-37
-37
24
59
11
-44
-21
42
42
-10
-35
1
37
22
-19
-20
18
33
0
-17
-2
17
18
0
-10
1
25
11
-18
-10
26
34
-4
-22
0
35
20
-13
-11
17
33
11
-19
-4
33
30
-9
-27
10
42
19
-22
-21
24
39
-1
-30
-5
32
25
-14
-29
3
35
11
-26
-26
12
30
-5
-36
-14
24
22
-21
-44
-3
37
10
-39
-33
23
37
-15
-51
-18
39
29
-30
-48
0
38
15
-34
-34
4
28
3
-29
-25
11
25
-2
-35
-21
17
25
-10
-41
-11
26
23
-25
-41
-2
33
2
-35
-27
15
23
-13
-40
-15
20
17
-27
-38
-6
26
13
-29
-35
-1
28
13
-38
-36
17
46
-2
-45
-20
35
34
-23
-34
5
41
21
-35
-25
30
44
0
-37
-8
45
32
-15
-29
8
38
23
-17
-26
10
36
19
-15
-21
8
30
13
-20
-8
18
23
-6
-22
5
26
15
-16
-15
12
28
8
-15
-13
17
28
-5
-18
11
32
16
-17
-16
22
36
-4
-23
12
37
10
-24
-4
37
21
-17
-22
17
39
5
-33
-19
30
40
-9
-39
-14
33
33
-19
-38
1
33
8
-31
-25
16
21
-12
-34
-7
27
11
-28
-34
4
30
4
-32
-32
11
42
-4
-50
-28
33
33
-26
-48
-1
44
10
-54
-39
32
45
-14
-59
-15
43
37
-33
-61
0
58
17
-59
-48
33
50
-16
-66
-23
46
29
-40
-52
3
38
4
-44
-35
14
28
-9
-44
-24
16
26
-10
-41
-15
30
24
-27
-40
4
44
16
-38
-40
27
55
3
-50
-24
47
47
-20
-47
10
55
25
-37
-31
30
47
-4
-35
-9
40
32
-18
-35
5
48
26
-33
-39
25
56
5
-46
-18
45
43
-19
-44
7
57
24
-37
-36
32
56
-3
-40
-5
46
28
-24
-22
22
39
5
-20
-5
29
34
-2
-20
0
31
25
-2
-22
4
34
16
-19
-23
24
41
-1
-36
-12
40
32
-30
-39
12
50
1
-46
-22
35
35
-28
-47
-1
43
10
-47
-36
20
39
-10
-56
-18
36
32
-34
-52
3
47
10
-54
-43
26
42
-13
-57
-18
43
29
-46
-51
21
51
-4
-61
-35
37
48
-17
-67
-18
49
29
-39
-56
4
48
8
-56
-49
26
49
-11
-67
-37
40
44
-29
-70
-12
55
27
-56
-61
26
61
-2
-68
-33
51
52
-31
-64
0
60
30
-44
-46
30
65
2
-58
-23
58
55
-21
-57
10
66
23
-48
-36
40
59
-3
-51
-16
54
46
-20
-52
5
56
29
-38
-36
31
55
-3
-49
-5
55
35
-29
-43
17
57
15
-38
-28
34
51
-2
-35
0
38
22
-16
-17
18
38
5
-19
-5
25
28
1
-16
-4
28
22
-6
-19
4
31
19
-22
-23
21
37
-6
-38
-2
35
21
-28
-27
6
33
3
-32
-26
18
31
-11
-39
-13
25
18
-28
-39
2
30
4
-34
-23
16
23
-13
-35
-12
25
12
-24
-33
0
32
9
-38
-25
23
29
-19
-44
-7
35
13
-28
-31
5
25
1
-35
-23
9
24
-10
-36
-20
21
23
-30
-43
-1
31
2
-47
-31
21
27
-16
-47
-14
36
22
-33
-45
9
47
9
-46
-32
36
47
-11
-55
-8
56
37
-37
-48
22
66
15
-47
-30
38
55
-2
-53
-12
59
51
-31
-55
7
63
25
-35
-42
28
58
9
-47
-20
45
46
-16
-42
4
46
23
-30
-31
29
47
0
-39
-13
40
36
-17
-34
15
52
11
-39
-16
43
47
-10
-48
2
54
35
-24
-33
17
47
11
-28
-19
29
38
-4
-31
4
32
13
-22
-18
17
23
-8
-23
-5
19
11
-15
-20
4
12
-9
-17
-2
4
-1
-14
-16
3
6
-6
-23
-9
14
10
-17
-30
-5
23
10
-30
-26
6
29
4
-39
-31
19
35
-3
-41
-22
20
31
-17
-42
-9
32
18
-31
-41
10
38
-8
-47
-22
23
19
-25
-35
-5
22
4
-35
-32
6
24
-6
-38
-22
20
27
-16
-45
-9
37
20
-26
-38
3
35
17
-25
-31
11
40
10
-25
-25
21
42
9
-38
-23
36
46
-7
-44
-6
48
36
-26
-33
19
37
1
-25
0
28
21
-14
-19
12
30
3
-17
-3
21
22
0
-19
-4
23
26
-4
-22
0
28
21
-7
-16
3
25
21
-2
-22
-2
35
28
-10
-22
20
36
1
-22
0
32
24
-14
-14
13
32
4
-22
-8
25
23
-9
-23
1
27
13
-15
-21
1
23
9
-17
-18
2
15
-7
-27
-7
16
5
-25
-24
11
16
-11
-27
-9
16
8
-21
-23
4
12
-1
-20
-16
9
18
-12
-29
-4
26
8
-30
-27
16
27
-9
-35
-9
25
14
-25
-32
6
21
-4
-33
-15
14
10
-22
-31
0
13
3
-29
-29
4
21
1
-34
-22
8
13
-6
-31
-10
20
13
-18
-28
3
29
7
-26
-20
21
36
-2
-36
-9
32
34
-11
-39
-1
52
32
-29
-37
16
48
14
-30
-20
21
32
0
-25
0
33
22
-21
-21
18
36
13
-23
-15
23
31
-1
-22
-7
34
30
-12
-32
0
40
28
-18
-26
14
41
13
-28
-17
27
36
9
-28
-9
41
30
-17
-22
19
35
4
-21
-6
25
29
-3
-23
-4
38
25
-23
-30
11
41
9
-29
-24
24
31
-18
-37
2
31
6
-35
-26
20
25
-21
-35
-7
15
12
-17
-26
-6
11
5
-14
-21
-3
9
2
-22
-17
4
13
-4
-22
-9
14
0
-15
-14
6
7
-10
-22
-4
14
2
-24
-16
8
13
-10
-26
-11
11
6
-23
-29
-1
18
-3
-32
-25
9
14
-12
-34
-18
21
22
-21
-49
-5
40
19
-44
-43
24
51
3
-58
-27
45
49
-25
-52
5
54
16
-38
-21
29
38
-5
-34
2
46
26
-25
-38
11
53
21
-36
-32
32
54
-2
-46
-9
49
36
-21
-39
8
53
22
-31
-29
25
49
7
-42
-13
47
43
-21
-45
7
55
24
-37
-25
28
47
2
-35
-7
41
32
-13
-24
8
40
19
-21
-18
23
42
3
-28
-4
32
27
-12
-22
4
27
14
-15
-14
10
19
0
-19
-10
8
11
-10
-23
-5
12
8
-17
-28
0
10
1
-18
-18
1
11
-4
-12
-5
1
-2
-12
-14
1
6
-5
-14
-2
8
0
-18
-17
6
18
-2
-25
-16
11
9
-15
-19
0
10
-2
-20
-16
3
8
-11
-22
-14
3
0
-9
-13
-10
0
-9
-12
-12
-7
2
0
-10
-19
-4
10
0
-21
-16
10
18
-3
-17
-12
12
14
-5
-10
8
14
0
-18
-1
25
13
-13
-20
17
30
1
-16
-11
20
29
4
-28
-10
28
31
-7
-27
0
40
24
-23
-26
22
49
4
-42
-18
40
47
-13
-45
5
53
24
-35
-35
26
55
9
-45
-18
44
44
-12
-43
3
55
31
-29
-32
32
56
4
-44
-13
52
42
-25
-39
13
50
22
-32
-25
24
40
-1
-31
-15
23
28
-9
-28
-1
22
8
-23
-18
5
13
-3
-22
-19
7
10
-14
-19
-5
7
3
-13
-20
-2
17
-1
-27
-11
10
9
-12
-22
-2
10
5
-17
-14
3
8
-8
-18
2
13
-3
-21
-21
7
10
-6
-23
-15
8
1
-9
-16
-9
2
-2
-15
-18
-7
7
-5
-26
-15
7
11
-13
-28
-2
18
0
-23
-22
11
19
-2
-26
-10
13
19
-9
-17
2
22
4
-21
-11
18
23
-3
-17
2
19
15
1
-10
0
17
14
2
-5
1
14
13
-8
-4
18
24
0
-23
3
33
21
-13
-20
19
29
0
-25
0
29
19
-9
-15
5
25
13
-7
-18
8
32
16
-19
-16
22
40
7
-27
-9
35
42
-5
-36
1
43
30
-21
-25
19
42
11
-29
-13
24
30
-5
-28
-5
28
24
-15
-35
2
28
5
-27
-22
10
21
-2
-31
-24
16
25
-16
-42
-12
28
14
-21
-35
-1
29
4
-31
-24
9
20
-7
-27
-10
13
12
-7
-21
-9
4
9
-4
-15
-16
3
13
-10
-23
-2
17
-4
-19
-13
1
4
-13
-15
-6
4
-4
-19
-9
1
-3
-12
-11
-2
-4
-9
-7
-6
-6
-7
-3
-1
2
-7
-10
-9
1
12
4
-11
-9
9
7
4
-6
-2
6
10
0
-4
2
8
11
8
-4
0
9
12
2
-7
3
15
7
-6
-4
15
22
3
-16
-3
25
27
-9
-26
11
37
13
-33
-13
30
31
-6
-25
0
30
20
-12
-21
8
29
13
-13
-14
20
29
4
-15
0
20
19
0
-9
9
21
12
0
-1
8
16
15
-7
-12
8
30
9
-17
-15
13
19
0
-14
-8
10
10
-10
-22
-5
17
0
-19
-14
10
7
-16
-28
-3
22
3
-27
-22
7
18
0
-22
-19
4
18
-1
-26
-14
12
14
-4
-25
-11
14
5
-15
-15
1
11
-4
-16
-8
6
0
-13
-9
-1
-6
-4
-1
-12
-13
0
0
-7
-16
-11
0
4
-13
-23
-6
4
0
-10
-11
-3
1
-7
-11
-9
1
5
-1
-6
2
5
-6
-3
3
9
0
-9
0
18
0
-8
8
19
-1
-10
5
23
12
-9
-6
13
24
2
-9
3
13
10
2
3
8
9
7
0
-2
7
13
3
-3
-4
11
17
1
-10
-5
17
21
0
-15
-2
22
23
-9
-21
9
35
10
-19
-14
30
32
-5
-21
5
36
29
-13
-21
11
39
16
-21
-16
21
30
-2
-21
-3
23
21
-9
-30
0
32
18
-23
-36
6
32
4
-32
-26
10
22
-6
-32
-16
13
14
-3
-25
-17
11
15
-9
-26
-11
13
12
-18
-25
4
20
-5
-24
-9
8
5
-10
-16
-2
7
-1
-15
-12
-4
7
-1
-17
-11
4
4
-13
-16
-8
0
6
-7
-16
-12
-1
2
-8
-20
-9
11
-4
-17
-12
3
4
-13
-18
0
14
-3
-23
-9
11
9
-4
-16
-4
10
5
-7
1
8
-1
-5
2
16
10
-7
-6
11
17
6
-3
-2
11
14
4
-4
5
12
2
-4
0
18
18
0
-12
2
17
16
1
-13
0
18
15
-3
-15
4
22
10
-13
-14
15
28
7
-16
-8
17
23
4
-12
1
14
22
13
-10
-2
22
21
-5
-13
13
30
10
-21
-7
35
27
-18
-24
16
30
6
-21
-12
13
25
-4
-26
-4
17
10
-14
-20
2
11
-8
-18
-8
7
3
-18
-17
4
5
-3
-9
-9
-7
2
6
-2
-18
-20
9
24
-10
-33
-12
19
14
-21
-32
1
19
2
-25
-18
10
9
-17
-18
1
12
-6
-22
-6
12
0
-20
-14
8
1
-9
-20
-10
2
0
-13
-19
-2
6
-5
-18
-9
3
6
-10
-16
-4
8
-2
-15
-7
15
7
-16
-14
10
16
-1
-12
0
14
9
2
-5
5
9
7
3
6
8
8
0
1
12
9
5
0
-2
8
11
6
6
-1
-4
11
21
-3
-15
10
24
12
-13
-13
5
19
9
-6
-2
14
13
-3
-6
8
16
8
-4
2
9
13
13
3
-5
6
20
14
-5
-9
18
30
0
-18
2
29
22
-9
-22
10
30
5
-23
-5
19
17
-12
-21
4
20
4
-21
-15
6
18
-3
-28
-18
11
20
-9
-31
-12
15
14
-12
-32
-6
26
12
-29
-34
11
24
-7
-29
-13
16
10
-17
-24
-5
19
6
-27
-22
10
17
-4
-25
-18
8
10
-10
-18
-10
5
4
-6
-19
-8
9
-2
-21
-15
2
5
-9
-17
-12
0
0
-9
-14
-11
1
6
-8
-10
-7
-5
-1
1
1
-5
-7
-1
4
0
-3
2
6
0
-3
2
14
13
-7
-6
10
20
5
-4
-1
10
15
9
2
-7
-3
11
19
5
-17
-5
21
24
-10
-24
13
36
5
-21
-12
24
29
-9
-22
2
30
20
-14
-23
11
31
10
-14
-7
14
23
7
-8
4
24
17
-5
-7
7
26
13
-3
-8
8
22
14
-6
-13
11
25
3
-12
-10
12
19
-4
-18
-7
13
18
-10
-25
-3
20
12
-22
-29
4
23
3
-28
-24
4
16
1
-29
-19
13
18
-16
-31
-8
30
13
-32
-36
8
26
0
-35
-19
8
21
-2
-28
-22
4
18
-2
-27
-19
14
17
-9
-25
-11
7
6
-15
-20
-1
11
-2
-25
-18
13
12
-14
-30
-11
15
13
-22
-33
-6
26
-1
-29
-18
13
16
-11
-25
-4
19
12
-13
-22
3
25
5
-17
-10
15
17
0
-4
7
13
7
-4
1
17
10
-9
-2
19
14
-4
-6
12
10
0
0
11
11
4
-7
4
18
5
-9
-3
12
15
5
-5
-8
9
16
9
-5
-4
11
18
9
-5
-1
12
14
3
-1
3
17
17
3
-7
4
20
21
-3
-8
9
26
9
-12
-7
16
24
-3
-18
1
26
11
-17
-25
11
32
7
-27
-22
10
27
0
-31
-14
14
15
-10
-31
-7
14
2
-20
-18
5
16
-4
-24
-13
8
10
-10
-24
-12
11
15
-9
-36
-13
20
15
-16
-32
-3
23
4
-23
-27
7
20
-7
-25
-11
11
8
-18
-20
-4
10
4
-21
-19
2
9
-6
-19
-16
2
0
-13
-18
-10
4
2
-8
-13
-9
-1
-2
-7
-13
-8
11
14
-5
-22
-1
20
9
-12
-10
7
16
7
-8
-1
12
16
-1
-2
8
15
7
-2
1
12
9
2
3
1
0
5
11
4
-3
4
12
6
4
2
4
-1
1
14
12
-3
-8
8
12
6
-8
0
14
13
3
-8
4
22
10
-6
2
16
15
-1
-9
13
25
11
-12
-2
21
19
-10
-7
17
23
4
-11
-6
14
17
2
-15
-9
11
18
-1
-17
-11
16
18
-10
-20
-1
13
0
-17
-15
7
7
-14
-18
-6
10
3
-13
-17
-7
6
9
-10
-23
-12
10
9
-13
-23
-5
15
2
-25
-20
11
15
-6
-28
-11
16
5
-17
-17
1
10
0
-22
-13
9
6
-13
-21
-4
6
-3
-12
-17
-9
-2
2
-8
-20
-12
0
1
-11
-14
-10
0
-2
-3
-13
-7
1
3
-4
-4
-5
-1
3
0
0
9
9
-9
-10
10
18
12
-3
-5
6
18
9
-5
-7
8
15
8
-4
-2
5
17
12
-8
-9
12
15
2
-10
3
21
10
-14
-5
18
17
-5
-10
4
17
12
2
-4
-1
9
12
7
-2
8
12
4
3
5
6
13
11
1
0
8
11
10
11
0
-2
13
20
2
-13
-4
24
22
-8
-24
4
32
8
-24
-20
22
23
-10
-18
-3
11
13
-11
-25
-2
17
6
-16
-22
-4
17
10
-22
-30
0
22
6
-21
-28
1
22
-3
-30
-19
11
12
-7
-20
-12
4
11
-3
-12
-9
3
0
-1
-11
-6
6
1
-13
-16
3
14
-3
-24
-12
6
5
-11
-20
-5
3
-1
-19
-23
-1
11
-6
-26
-14
6
6
-12
-16
-7
4
6
-10
-10
5
6
-6
-8
0
1
4
8
1
-3
-1
12
10
1
-4
11
14
5
-4
0
10
10
5
-3
-1
12
9
0
-4
5
11
7
-5
3
15
13
-8
-9
7
15
8
-4
-5
6
19
14
-5
-7
9
11
6
1
-2
10
18
4
-7
0
15
12
1
-6
2
21
16
-2
-6
5
18
18
0
-11
6
20
12
-10
-14
10
19
1
-13
-6
13
20
-6
-22
0
11
8
-6
-12
-5
7
-3
-12
-9
-7
-3
-1
0
-5
-14
-10
5
2
-7
-15
-5
3
-4
-13
-3
3
-6
-20
-11
12
4
-12
-22
-3
13
7
-16
-17
-1
7
-2
-14
-10
1
4
0
-14
-22
2
15
-8
-27
-16
10
6
-18
-25
-7
11
1
-23
-26
4
13
-6
-22
-16
10
10
-12
-22
-8
18
16
-12
-26
2
26
16
-19
-23
10
31
7
-17
-10
22
24
-8
-18
9
32
11
-17
-11
16
28
2
-20
2
21
18
-9
-10
10
22
5
-13
-3
16
20
4
1
-1
4
14
6
-1
1
9
15
3
-3
4
12
11
1
3
4
6
8
13
9
-3
3
15
10
3
4
6
9
6
4
5
6
5
1
4
6
4
3
5
0
1
3
5
0
-5
-1
1
-2
-1
-2
1
-3
-5
-5
-3
0
-1
-10
-16
0
5
-1
-13
-21
0
13
7
-21
-26
0
22
2
-29
-20
12
16
-9
-23
-11
12
11
-12
-19
-6
15
8
-22
-19
6
13
-5
-27
-6
11
5
-14
-24
-2
11
-4
-26
-11
11
1
-22
-23
-8
10
3
-12
-25
-9
10
1
-10
-11
-4
4
-2
-6
-4
3
3
-1
0
-1
0
8
7
0
-4
4
14
9
-11
-5
18
20
-1
-15
-1
23
12
-6
-7
11
18
-1
-7
4
11
14
2
-8
5
12
13
0
-4
9
17
2
-4
3
12
14
1
-8
1
11
13
9
-2
-11
8
20
13
-3
-9
11
25
9
-10
0
18
13
4
0
3
12
5
3
3
3
6
8
8
1
-6
-1
12
6
-5
-8
5
7
2
-12
-10
8
16
-13
-31
-4
27
7
-26
-33
0
27
1
-31
-29
12
24
-6
-32
-12
17
10
-20
-29
1
18
4
-18
-21
2
17
4
-25
-25
9
25
-7
-31
-16
17
21
-15
-37
-9
22
8
-22
-25
0
14
-5
-26
-18
2
6
-10
-23
-9
-4
-3
-5
-9
-7
-3
-3
-12
-6
2
2
-2
-12
-1
13
7
-16
-16
11
22
7
-15
-14
9
24
9
-11
-9
8
12
10
4
0
-2
5
8
9
5
-4
5
15
6
-6
-3
12
21
2
-13
6
20
12
-17
-4
27
18
-12
-13
15
23
3
-13
1
20
12
-6
-1
11
14
2
-2
3
14
6
4
7
8
4
3
11
9
9
0
3
11
11
1
0
9
11
-1
-6
8
19
4
-11
-12
5
18
6
-18
-17
7
19
0
-22
-17
15
8
-17
-17
2
6
-6
-19
-12
4
4
-9
-19
-7
8
8
-12
-21
-5
16
5
-19
-18
0
12
3
-14
-13
-3
2
4
-3
-11
-16
-2
14
5
-24
-19
2
15
-11
-20
-7
11
-1
-23
-18
8
2
-21
-26
0
12
-5
-26
-19
6
13
-9
-26
-14
14
15
-9
-22
-6
13
14
-5
-20
-3
14
10
-7
-6
7
4
0
2
5
5
1
6
5
4
5
9
3
-7
7
20
10
-7
-13
5
29
19
-14
-14
13
30
11
-15
-7
14
23
4
-11
-2
14
15
1
-4
1
10
10
7
-1
2
4
13
8
-5
3
11
14
0
-4
10
24
8
-10
0
20
15
-3
-4
11
21
10
-6
-4
6
11
10
-7
-8
3
11
7
-2
-13
3
9
-2
-10
-10
1
12
-3
-19
-16
4
12
-11
-28
-5
13
3
-15
-15
-2
4
0
-9
-14
0
1
-1
-8
-9
0
4
0
-18
-9
10
7
-10
-20
-5
17
2
-30
-19
23
19
-23
-35
-2
26
7
-30
-30
6
15
-4
-26
-19
2
4
-7
-17
-11
-3
-1
-6
-14
-13
2
7
-6
-18
-7
8
12
-7
-14
-5
6
8
-3
-10
-1
12
10
-5
-10
12
16
2
-7
1
11
12
-1
-5
10
14
3
-3
3
8
9
4
2
3
4
8
6
-2
5
10
7
3
0
0
11
6
6
0
0
3
17
13
-6
-17
10
29
5
-16
-6
21
18
0
-12
16
20
8
-3
-2
16
20
3
-5
0
18
19
4
-6
1
12
10
3
2
0
-1
3
11
1
-8
-3
7
5
-5
-14
-4
6
-3
-11
-2
-4
-1
-5
-16
-9
3
3
-10
-13
-4
4
0
-8
-13
-1
0
-6
-5
-3
-3
-3
-10
-4
5
4
-8
-21
-4
17
2
-23
-18
10
12
-6
-19
-11
6
2
-16
-19
-1
11
-2
-19
-22
-8
3
3
-8
-18
-11
3
1
-6
-15
-13
0
10
-3
-16
-14
5
16
-11
-16
2
13
0
-7
-6
8
4
-4
-2
9
10
1
2
-3
3
9
11
5
1
-2
7
16
9
-4
-7
14
16
-2
-1
7
15
6
-4
0
13
17
0
-10
0
19
19
-2
-13
0
17
20
-9
-19
11
30
5
-16
-3
22
16
-7
-6
12
18
9
-3
-2
14
18
9
-2
-3
13
18
5
-3
5
8
9
10
3
-4
4
11
0
-10
0
13
5
-11
-16
2
19
3
-21
-16
3
6
-3
-16
-9
-2
-2
-3
-5
-6
-3
-4
-6
-3
-3
-3
-5
-4
-3
-3
-2
-6
-7
-4
2
-1
-12
-12
-4
1
-2
-10
-8
-4
0
-6
-6
-2
-9
-7
-1
-7
-14
-8
-1
-4
-7
-16
-12
-5
4
-7
-23
-15
4
9
-14
-25
-9
14
2
-15
-16
-3
9
-2
-15
-6
14
2
-15
-15
10
26
0
-21
-10
15
15
1
-12
-10
20
15
-6
-5
4
13
12
2
-3
1
11
11
4
-1
-2
5
19
10
-5
0
15
10
-6
-10
18
27
-1
-25
1
28
18
-10
-15
1
22
17
-13
-12
1
22
18
-6
-8
5
25
13
-5
-6
4
19
16
-1
-6
9
18
9
-3
-1
8
12
2
2
1
7
15
0
-12
-7
12
17
2
-22
-11
13
11
-8
-16
-4
8
-1
-11
-10
-5
-1
-3
-11
-5
7
-3
-14
-9
0
4
-7
-12
-4
5
0
-7
-10
-9
3
3
-4
-13
-12
9
4
-8
-16
-7
8
0
-20
-12
4
1
-11
-11
-2
0
-4
-8
-10
-7
-5
-5
-5
-14
-5
-1
-1
-13
-15
-5
7
3
-18
-20
1
18
3
-23
-19
-1
19
11
-14
-24
-3
22
16
-18
-16
8
26
4
-24
-7
30
24
-17
-23
15
40
7
-32
-14
36
39
-5
-36
-4
42
30
-21
-26
16
37
12
-23
-13
23
34
-3
-27
-4
28
26
-8
-22
6
28
17
-11
-12
2
24
18
-9
-12
9
25
10
-13
-8
22
27
4
-11
0
18
19
8
-8
0
15
20
7
-12
-4
21
13
-4
-7
2
13
5
-11
-7
13
7
-17
-18
7
17
-7
-19
-9
4
1
-9
-10
-4
-3
-3
-2
-9
-6
-1
-2
-11
-1
0
-7
-3
1
-5
-15
-5
2
1
-10
-10
-2
4
-7
-16
-8
12
2
-19
-15
3
9
-6
-22
-15
8
15
-9
-31
-15
12
12
-17
-32
-2
11
-5
-19
-18
-5
8
-6
-22
-8
7
0
-13
-16
-5
10
5
-13
-18
4
15
-2
-14
-5
4
12
1
-7
-7
2
10
14
-4
-8
4
13
16
2
-8
2
14
12
4
-5
0
15
16
3
-10
-2
20
15
0
-7
2
15
16
-7
-16
10
28
4
-24
-3
29
24
-13
-25
5
35
11
-20
-10
24
26
1
-11
-1
20
18
0
-8
10
26
8
-13
2
21
19
-1
-10
5
22
11
-4
-8
5
16
1
-8
0
6
10
-7
-13
-1
12
8
-14
-19
5
7
-8
-7
-3
0
-7
-16
-8
5
6
-7
-15
-7
0
4
0
-12
-15
0
10
0
-18
-19
0
12
3
-14
-18
-5
8
5
-13
-14
-4
4
1
-8
-17
-13
8
10
-17
-26
-3
14
3
-17
-23
-4
7
4
-17
-24
-7
10
0
-17
-26
3
12
-6
-29
-14
15
15
-20
-31
4
27
9
-27
-22
12
30
-1
-20
-7
17
19
-2
-16
0
18
13
-1
-4
8
16
7
-6
-1
12
19
5
-8
-4
11
20
9
-9
-8
10
24
6
-11
-9
14
20
4
-14
-7
19
26
-7
-19
2
20
14
-2
-9
5
17
14
1
-7
5
24
17
-9
-6
16
24
5
-13
-1
22
25
0
-16
4
26
16
-4
-16
5
25
10
-15
-12
11
17
-1
-21
-10
13
17
-8
-26
0
19
0
-23
-15
10
10
-8
-21
-14
10
10
-12
-18
-7
5
8
-7
-18
-7
2
0
-5
-6
-10
-7
3
1
-11
-12
1
6
-5
-21
-6
11
3
-19
-18
5
11
-12
-17
-5
7
7
-12
-28
-7
11
3
-17
-26
-1
10
3
-21
-22
-4
8
3
-21
-21
3
11
-6
-20
-11
5
5
-6
-6
-2
4
0
-1
0
-2
0
5
1
4
1
0
11
12
2
-3
8
9
2
-1
12
23
-1
-11
0
17
15
-1
-5
4
14
14
-2
-6
7
19
1
-10
-3
14
17
4
-11
-8
15
22
0
-10
3
19
9
2
-5
6
21
11
-2
-3
9
20
16
-4
-5
13
19
11
-1
-3
8
21
19
-2
-21
8
30
9
-13
-10
6
14
-1
-11
3
13
-3
-12
-7
13
8
-9
-25
-2
18
9
-23
-27
3
20
0
-22
-16
5
9
-4
-7
-12
-6
3
1
-8
-16
-3
8
0
-10
-20
-5
11
4
-21
-13
6
8
-14
-14
3
9
-4
-19
-13
5
10
-4
-19
-14
4
4
-9
-18
-9
3
3
-10
-18
-12
-2
5
-4
-17
-13
6
5
-8
-15
-6
9
3
-16
-11
7
11
-8
-15
0
14
9
-5
-11
1
15
8
-1
-6
6
14
15
1
-9
3
18
16
-7
-7
11
19
1
-14
2
20
16
-3
-14
1
24
11
-10
-8
9
19
6
-7
-4
11
17
2
-8
-1
10
11
5
0
0
11
18
3
-10
3
24
16
-5
-11
16
28
8
-15
-2
26
18
-12
-15
12
30
9
-20
-12
17
16
-2
-13
-1
8
11
2
-7
-13
3
13
-1
-13
-6
2
7
-4
-14
-10
1
4
-5
-13
-8
0
3
-7
-19
-2
7
-1
-15
-11
-2
5
5
-13
-19
-4
10
-3
-16
-10
5
1
-12
-9
5
0
-19
-9
8
1
-10
-13
-2
1
-4
-10
-4
-5
-8
-7
-4
0
-12
-16
-5
5
-6
-17
-14
-2
3
-2
-13
-18
0
16
-6
-30
2
25
4
-21
-15
7
19
6
-14
-10
12
20
0
-12
0
20
10
-3
-7
5
18
10
-8
-2
16
12
1
-2
3
5
5
8
0
-5
8
13
6
-10
-3
10
18
2
-11
-1
15
16
-1
-2
6
7
3
2
4
11
11
-1
0
4
13
19
0
-9
8
25
13
-2
-2
11
15
6
-1
1
9
13
6
-6
-7
9
17
8
-12
-12
5
18
3
-11
-11
4
9
-3
-8
-3
0
0
-4
-5
0
-1
-11
-12
-1
10
-9
-21
-2
13
1
-19
-19
-1
9
-2
-10
-12
-1
3
-10
-13
2
3
-10
-12
-3
4
-8
-7
0
-4
-1
-1
-5
-11
-3
3
-4
-17
-8
8
-3
-16
-9
1
-10
-12
-2
-5
-9
-10
-15
-7
-1
-5
-11
-4
2
-7
-5
-9
-7
5
2
-4
-8
-2
4
4
1
0
2
-2
6
6
0
1
11
7
-1
-5
10
16
6
-4
-5
18
13
-6
-6
5
14
7
-1
-1
6
8
3
-2
9
10
1
-7
0
15
11
3
0
-7
4
19
6
-13
-3
23
23
-7
-14
10
24
11
-8
0
8
16
7
-1
5
7
14
15
1
-9
5
22
14
-12
-13
11
27
9
-20
-8
18
16
-9
-11
2
12
0
-9
-5
3
7
-3
-10
-12
-1
11
-2
-15
-17
1
6
-2
-11
-10
-3
5
-6
-14
-6
0
4
-7
-19
-6
11
0
-17
-16
2
9
-4
-17
-6
2
4
-5
-9
-8
-3
5
-1
-15
-7
3
0
-15
-14
0
2
-6
-13
-15
-9
3
0
-12
-20
-10
3
3
-13
-24
-11
8
7
-9
-20
-4
9
3
-9
-5
0
-4
2
5
0
2
2
0
1
5
3
1
9
4
-2
7
17
5
-10
-1
24
17
-3
-19
2
29
14
-13
-13
13
22
6
-13
-3
18
16
-5
-12
10
25
6
-15
-8
17
27
0
-16
-1
18
19
1
-10
-2
19
20
2
-12
2
22
20
-1
-11
3
23
21
-6
-15
17
26
5
-10
-5
14
22
1
-11
-1
13
11
-4
-9
-1
18
5
-16
-20
10
26
-2
-26
-13
13
15
-8
-29
-17
10
17
-12
-27
-12
13
8
-19
-23
2
19
0
-31
-28
15
25
-9
-38
-11
24
15
-18
-29
-5
17
13
-16
-27
-5
17
11
-18
-30
2
28
-1
-42
-18
22
18
-21
-34
-5
12
3
-18
-20
-7
0
-3
-6
-14
-14
0
3
-6
-12
-10
3
3
-7
-13
1
16
4
-23
-12
19
23
-5
-22
0
24
20
-9
-18
9
30
4
-19
-1
22
13
-5
0
6
10
5
2
0
0
5
13
13
-5
-10
12
19
3
-10
-1
15
18
0
-13
-2
20
15
-5
-5
12
15
7
-7
-3
16
21
1
-11
0
16
20
-1
-12
12
27
6
-6
0
14
14
5
-2
2
15
15
0
-9
6
23
11
-10
-15
12
16
-2
-8
1
10
-3
-8
0
3
-5
-9
2
5
-9
-14
-4
3
-7
-14
-7
6
-7
-15
-6
2
-5
-9
-4
-4
-5
-6
-5
-5
-3
-2
1
-12
-17
0
13
-5
-19
-5
9
0
-16
-11
6
7
-11
-17
-2
7
-5
-13
-11
0
1
-12
-19
-3
4
-7
-15
-8
-8
-10
-5
-7
-6
-8
-8
1
3
-9
-16
-2
10
3
-11
-8
4
9
1
-8
-3
13
7
-8
-4
5
13
4
-3
-2
8
13
6
-4
-3
8
18
9
-3
-11
-4
20
16
1
-5
0
15
18
2
-20
-3
24
21
-2
-17
1
25
17
-15
-9
19
24
-5
-17
9
33
8
-22
-6
25
26
-3
-23
6
34
21
-11
-18
14
36
10
-21
-6
27
29
-4
-25
5
30
12
-12
-7
11
16
-7
-4
0
8
3
-3
-4
0
0
-1
-3
-4
-12
-4
3
0
-11
-16
-4
13
-2
-27
-12
12
7
-13
-16
-3
8
-9
-12
-3
2
-2
-3
-7
-6
-4
-2
-3
-4
-6
-10
5
2
-8
-14
1
11
-6
-21
-12
10
8
-16
-24
-7
11
-2
-21
-22
0
8
-11
-25
-12
10
1
-10
-19
-10
6
3
-12
-12
-2
5
-1
-5
-4
4
3
-5
-3
1
2
9
3
-3
-2
8
8
-2
-1
0
9
14
6
-9
2
15
12
-6
-7
6
24
10
-15
-1
18
16
-7
-11
9
25
11
-12
-8
11
25
8
-8
-2
8
11
2
0
5
3
6
10
2
3
4
7
9
5
0
6
8
11
8
-4
8
24
8
-14
4
26
25
-11
-20
7
29
16
-13
-12
12
23
6
-19
-14
16
25
-6
-30
-9
21
16
-11
-20
-10
11
9
-10
-22
-12
7
7
-8
-17
-18
0
15
-6
-17
-7
0
6
-3
-14
-9
0
4
-10
-10
0
0
-7
-8
-1
3
-2
-12
-15
-1
9
5
-16
-20
0
11
-2
-20
-16
6
4
-20
-21
-1
6
-6
-17
-18
-4
9
-3
-23
-21
3
8
-4
-19
-13
6
5
-7
-12
0
7
1
-2
-6
0
1
1
7
-1
-4
4
7
3
-8
2
13
8
-1
5
12
-2
0
7
10
5
0
0
8
9
0
0
9
-1
1
12
10
3
0
2
6
13
4
-4
0
9
13
5
-5
-1
9
15
3
-10
5
20
10
-10
-5
19
23
0
-14
6
24
13
-1
-3
9
15
7
-2
3
14
12
-3
-4
6
17
6
-9
-10
7
16
8
-9
-9
1
9
4
-13
-10
5
3
-5
-14
-13
8
-1
-18
-13
1
10
-6
-21
-11
8
9
-4
-20
-17
0
16
0
-18
-17
-4
16
6
-19
-17
4
14
-5
-20
-11
6
5
-8
-10
-1
-1
-5
-7
-4
-5
-3
-4
-8
-9
-10
-3
4
-9
-20
-15
10
1
-19
-18
-3
9
-9
-17
-6
8
4
-17
-13
4
13
0
-14
-15
6
19
4
-11
-7
7
16
-3
-11
2
14
11
-3
-8
10
17
5
-5
0
10
14
6
-2
-5
9
16
3
-4
8
12
0
6
9
-1
1
13
13
0
-7
0
22
16
-13
-10
14
22
-1
-16
6
29
5
-20
-9
31
25
-12
-19
14
33
15
-12
-8
15
24
8
-5
2
12
14
6
1
0
4
14
8
-4
-4
3
11
5
-5
-9
0
11
4
-19
-14
9
13
-8
-22
-9
11
1
-18
-18
3
7
-8
-21
-12
14
5
-18
-15
2
9
-4
-14
-14
2
9
-2
-10
-13
-3
4
-1
-5
-14
-6
4
3
-6
-13
-12
1
8
-11
-18
-2
3
-10
-18
-6
9
0
-20
-23
-3
12
-1
-21
-25
-6
15
10
-26
-31
0
23
0
-26
-12
13
12
-14
-13
2
10
-2
-12
-4
11
11
2
-17
-5
19
15
-3
-7
1
16
7
-1
-6
8
18
8
-12
-4
14
14
8
-1
1
5
9
10
2
-1
9
18
10
-8
-6
12
20
0
-12
0
19
15
-9
-12
12
22
3
-12
2
18
11
-1
0
8
11
7
6
3
8
16
13
3
-3
5
18
19
5
-7
-1
18
23
0
-17
1
26
8
-18
-13
13
25
-2
-27
-16
18
25
-9
-34
-11
17
8
-11
-22
-12
6
5
-7
-18
-13
10
10
-17
-21
-1
10
2
-16
-15
2
17
0
-22
-17
7
16
-3
-23
-14
11
12
-9
-26
-10
14
10
-11
-24
-14
11
14
-15
-26
-7
19
9
-34
-33
11
22
-16
-36
-9
22
7
-27
-27
5
10
-7
-14
-1
-4
-4
-1
1
-5
-7
2
8
-4
-12
-3
12
7
-8
-3
6
12
6
-10
-2
13
13
2
0
0
10
17
2
-9
1
19
16
-3
-9
9
17
6
-2
-1
13
17
2
-14
1
24
19
-12
-13
10
16
11
-6
-13
4
19
16
-5
-11
7
20
8
-2
-3
8
17
13
-2
-3
9
22
15
-9
-5
17
27
3
-11
3
24
9
-13
-4
19
24
-1
-23
-6
17
14
-6
-24
-1
21
12
-18
-20
0
15
0
-21
-12
6
11
-16
-29
-2
15
-3
-16
-9
1
6
-2
-14
-16
5
7
-2
-14
-11
-8
6
10
-15
-24
1
17
2
-27
-21
12
13
-18
-21
0
11
-4
-20
-12
4
9
-6
-23
-14
3
9
-13
-23
-8
18
-1
-26
-22
0
13
0
-22
-21
-5
15
7
-16
-25
-4
21
17
-13
-25
-5
23
15
-17
-20
10
25
2
-18
-5
16
17
-2
-5
1
11
10
0
-1
13
21
5
-12
-7
18
25
1
-14
1
21
18
-1
-11
-5
17
24
5
-17
-7
18
21
-4
-15
3
27
12
-15
-13
19
27
1
-16
1
22
15
-1
-8
5
20
24
-2
-17
8
32
16
-12
-7
24
23
2
-17
0
19
13
1
-8
-4
6
3
1
-7
-10
3
14
1
-22
-14
12
13
-14
-25
0
11
0
-18
-22
1
15
0
-24
-22
8
18
-4
-25
-14
7
12
-7
-24
-15
12
9
-13
-17
-1
6
4
-11
-19
-9
14
7
-15
-25
-5
18
1
-31
-18
14
13
-12
-26
-9
9
5
-14
-19
-4
4
-4
-17
-8
-4
1
-2
-14
-15
2
11
-13
-19
1
13
-7
-18
-5
14
9
-12
-16
7
14
-2
-10
-3
11
9
0
0
8
2
3
