#8
-327
179
432
42
-377
-162
350
345
-155
-369
40
432
194
-305
-284
226
416
0
-385
-122
356
304
-188
-345
69
412
126
-342
-237
256
374
-74
-396
-90
391
265
-277
-372
130
437
63
-400
-222
300
373
-134
-421
-44
414
232
-308
-355
154
436
49
-406
-212
331
373
-159
-436
-30
437
237
-322
-355
169
442
32
-418
-203
342
357
-190
-427
4
431
189
-348
-350
192
427
-10
-433
-193
319
327
-198
-430
3
407
156
-358
-326
201
394
-46
-417
-153
329
275
-220
-390
46
401
127
-335
-293
211
393
-47
-397
-128
347
296
-192
-372
40
390
161
-300
-296
196
394
-23
-386
-132
344
299
-199
-382
40
405
152
-334
-282
214
380
-33
-394
-129
338
280
-212
-344
51
369
126
-303
-239
205
336
-38
-343
-89
315
240
-199
-284
99
343
72
-273
-172
234
307
-63
-290
-31
313
204
-195
-252
122
337
63
-266
-170
225
303
-63
-307
-42
309
203
-199
-271
107
333
67
-297
-191
225
286
-87
-318
-50
308
185
-236
-281
127
337
16
-330
-141
270
253
-155
-323
25
347
131
-292
-258
181
344
-28
-344
-130
303
269
-176
-326
36
340
126
-272
-236
165
321
-30
-335
-115
284
238
-178
-321
26
327
108
-298
-248
179
311
-63
-347
-126
274
238
-193
-357
16
337
116
-303
-265
161
307
-34
-348
-126
281
234
-198
-331
46
354
113
-305
-252
193
353
-36
-350
-108
315
256
-185
-314
71
363
94
-297
-195
226
302
-76
-311
-49
288
175
-188
-228
95
266
37
-227
-132
167
209
-65
-233
-30
223
124
-171
-192
80
229
30
-213
-120
172
201
-83
-226
-18
233
128
-166
-178
104
246
7
-236
-77
230
189
-115
-217
50
264
85
-207
-145
166
234
-31
-220
-44
229
162
-148
-199
70
253
43
-209
-111
163
192
-79
-219
-7
218
103
-174
-170
88
207
6
-204
-98
159
174
-81
-217
4
209
100
-176
-177
101
229
2
-231
-96
177
182
-74
-213
-33
213
125
-143
-177
66
195
34
-175
-106
130
167
-53
-203
-41
170
98
-127
-168
45
172
15
-179
-119
96
132
-62
-176
-42
130
69
-116
-148
26
133
7
-144
-96
84
115
-44
-163
-41
145
95
-106
-152
26
161
57
-132
-108
78
144
-14
-144
-38
135
112
-68
-133
5
144
65
-105
-99
72
127
-10
-127
-43
118
100
-73
-135
14
142
62
-120
-107
78
127
-10
-134
-48
100
97
-48
-107
9
102
44
-64
-56
61
92
-9
-76
4
93
59
-45
-51
52
102
27
-66
-16
97
90
-32
-80
21
116
50
-65
-52
72
103
0
-87
-12
96
66
-59
-81
52
126
-4
-121
-34
107
84
-62
-107
13
112
37
-99
-83
59
101
-14
-99
-49
69
85
-32
-111
-15
102
55
-79
-78
37
100
11
-94
-40
75
71
-23
-79
-11
86
48
-62
-80
35
91
10
-85
-52
49
74
-22
-98
-36
67
42
-62
-84
4
59
-14
-81
-40
26
23
-38
-71
-24
32
10
-43
-51
-20
22
6
-41
-39
12
25
-6
-40
-29
15
37
6
-33
-15
20
26
-4
-19
0
24
19
-8
4
11
8
3
-7
-4
15
28
-10
-31
-5
37
21
-18
-34
5
41
-4
-30
-16
33
24
-14
-27
-12
14
23
-2
-15
1
0
11
23
5
-13
4
33
17
5
11
21
29
13
-11
11
50
41
-13
-28
42
80
10
-31
-5
62
60
-19
-42
36
80
27
-43
-31
40
53
1
-30
4
41
20
-25
-20
15
22
9
-26
-21
21
19
-12
-36
-2
26
13
-36
-37
18
43
-10
-45
-7
39
18
-36
-32
9
33
13
-24
-21
23
25
-12
-29
4
48
15
-43
-41
39
62
-3
-80
-34
58
50
-46
-89
-5
67
24
-78
-75
30
64
-32
-111
-45
67
42
-76
-112
12
97
-9
-128
-65
74
83
-54
-127
-35
97
61
-78
-112
16
104
28
-97
-67
66
95
-5
-105
-38
93
91
-51
-95
11
107
50
-82
-81
42
109
26
-96
-78
59
111
1
-102
-48
79
81
-47
-94
12
99
35
-87
-70
51
89
-19
-91
-21
89
65
-57
-81
26
110
32
-83
-47
73
100
-6
-83
-15
105
79
-20
-63
21
94
41
-43
-28
57
78
4
-56
-8
82
76
-26
-70
14
88
43
-49
-50
42
89
14
-86
-49
70
79
-39
-91
-14
83
56
-72
-85
28
92
10
-95
-54
65
72
-38
-95
0
99
34
-86
-70
55
83
-15
-93
-28
77
73
-41
-91
4
91
54
-64
-87
24
85
16
-91
-42
66
56
-47
-91
-3
84
15
-103
-79
67
74
-73
-130
-6
103
33
-125
-115
49
109
-26
-149
-59
108
82
-97
-142
19
128
26
-139
-108
96
138
-39
-172
-38
149
109
-109
-160
51
189
39
-159
-111
113
178
-22
-193
-52
170
121
-109
-160
35
180
43
-161
-105
122
147
-50
-164
-30
160
95
-108
-145
35
164
33
-138
-93
97
144
-29
-148
-34
135
108
-73
-130
29
165
50
-128
-84
107
152
-23
-118
-12
136
99
-60
-99
45
143
38
-99
-38
99
96
-29
-78
21
95
52
-60
-59
41
88
4
-66
-14
66
39
-47
-57
15
58
16
-59
-29
33
37
-23
-64
-16
54
36
-50
-69
10
73
12
-67
-48
32
68
-9
-81
-45
68
75
-39
-91
-6
93
43
-84
-69
65
82
-22
-104
-25
89
59
-72
-101
8
101
21
-110
-97
44
95
-14
-117
-66
51
54
-61
-109
-14
71
22
-96
-86
30
81
-27
-128
-61
90
79
-78
-127
10
106
37
-107
-88
65
119
-19
-141
-34
130
87
-82
-124
34
145
36
-121
-84
83
125
-29
-141
-20
138
75
-111
-117
58
142
12
-132
-83
92
129
-37
-135
-34
121
91
-85
-140
20
157
49
-136
-98
101
137
-25
-139
-37
133
106
-69
-126
23
160
73
-111
-97
86
168
23
-136
-61
135
143
-35
-129
12
160
75
-106
-80
89
139
-12
-117
-25
116
92
-61
-103
43
115
7
-99
-55
76
93
-40
-120
-9
104
49
-82
-91
30
92
7
-86
-39
65
58
-34
-71
2
65
28
-56
-50
32
79
-6
-93
-23
94
61
-61
-85
31
105
18
-98
-69
79
92
-34
-114
-29
97
64
-83
-108
14
101
8
-126
-84
60
90
-57
-133
-27
104
33
-109
-112
30
99
-4
-128
-77
64
87
-44
-139
-35
106
61
-80
-114
17
105
17
-101
-63
71
86
-29
-88
-8
73
50
-53
-68
36
91
3
-87
-46
66
77
-24
-85
-16
78
58
-49
-79
9
90
40
-66
-77
30
95
10
-89
-57
65
86
-34
-100
6
89
56
-62
-69
27
90
27
-69
-43
64
88
-7
-67
-14
96
82
-31
-66
17
89
61
-29
-47
34
83
33
-45
-37
61
90
1
-70
-5
84
50
-51
-53
39
77
4
-62
-39
50
61
-33
-73
4
64
16
-72
-47
49
47
-40
-73
15
60
15
-61
-43
34
56
-13
-51
-4
41
12
-28
-19
32
27
-16
-33
-1
38
32
-26
-45
8
55
19
-48
-47
23
54
-15
-78
-33
48
48
-47
-86
-26
59
18
-78
-85
11
73
-4
-101
-72
46
70
-54
-110
-24
69
30
-79
-82
34
73
-21
-98
-32
75
52
-58
-93
22
94
16
-88
-58
64
91
-20
-95
-14
99
67
-57
-83
16
90
36
-59
-66
27
82
22
-82
-56
59
92
-18
-98
-30
90
74
-54
-99
10
95
29
-85
-69
53
98
-11
-83
-33
66
68
-27
-62
3
67
48
-25
-51
34
89
15
-46
-1
68
56
-18
-28
24
68
29
-19
-11
37
48
14
-5
-8
24
47
8
-27
-24
27
55
14
-41
-39
29
61
10
-65
-47
41
63
-18
-82
-28
68
57
-51
-80
0
83
28
-61
-51
37
61
-15
-65
-8
56
31
-26
-41
9
32
12
-14
-13
5
18
8
-4
-15
-11
11
23
-5
-26
-16
4
5
-14
-22
-7
9
-11
-39
-22
1
-13
-23
-25
-2
-7
-34
-24
-6
-5
-14
-27
-13
-11
-26
-14
-5
5
-13
-27
-13
15
12
-29
-30
15
40
0
-53
-12
36
52
-2
-56
-12
56
43
-29
-41
2
56
29
-33
-41
10
52
9
-31
-28
33
39
-19
-40
13
39
11
-27
-24
9
34
11
-44
-27
28
40
0
-34
-17
32
43
-7
-34
1
48
35
-16
-22
33
59
7
-45
10
75
56
-30
-41
38
89
23
-48
-15
75
73
-18
-54
16
82
45
-38
-48
23
73
11
-46
-16
32
40
-8
-38
-10
29
17
-27
-38
10
38
-17
-46
-9
37
23
-32
-43
-5
46
31
-32
-48
9
46
15
-36
-39
32
47
-8
-50
-4
37
32
-18
-34
12
34
4
-35
-27
19
28
-6
-39
-33
22
18
-24
-46
-5
20
-11
-30
-31
-16
-6
-15
-15
-16
-30
-21
-9
-4
-17
-25
-21
-9
-2
-15
-32
-12
15
6
-21
-43
-3
25
8
-24
-23
9
19
7
-16
-4
9
13
15
0
-8
2
17
21
-5
-37
7
51
33
-52
-57
32
79
23
-62
-57
40
69
-4
-69
-21
59
48
-29
-70
-5
63
42
-38
-65
9
80
35
-55
-57
45
93
-1
-77
-8
89
63
-36
-55
30
101
53
-62
-61
68
129
17
-85
-34
99
100
-30
-87
23
121
50
-75
-75
59
113
7
-94
-35
81
63
-48
-71
2
75
31
-52
-63
15
63
10
-65
-45
45
48
-21
-71
-16
66
40
-49
-54
26
51
-4
-56
-20
46
38
-21
-47
0
47
12
-40
-17
29
32
-26
-46
10
53
15
-43
-48
10
46
2
-64
-43
22
36
-31
-76
-13
40
-3
-64
-53
22
34
-34
-78
-17
34
-6
-53
-37
14
9
-34
-33
1
9
-17
-36
-5
27
-11
-38
-22
31
40
-16
-54
-14
41
34
-17
-37
12
54
10
-42
-17
40
48
-22
-50
-3
45
17
-17
-24
11
31
6
-17
-17
8
24
25
-13
-50
-9
45
20
-34
-40
23
51
10
-51
-34
54
56
-24
-52
17
75
31
-34
-28
36
61
22
-27
-7
35
57
18
-12
0
43
44
8
-25
0
42
50
15
-34
-10
38
52
-1
-44
-19
50
62
-13
-71
-18
71
41
-52
-74
26
71
11
-75
-51
43
58
-23
-77
-5
67
40
-54
-58
29
67
2
-66
-30
40
42
-13
-41
-12
40
37
-30
-52
11
55
15
-46
-35
28
49
-15
-48
-16
21
20
-31
-37
-13
15
4
-35
-41
0
13
-14
-46
-37
15
14
-53
-50
10
30
-29
-54
-29
11
10
-27
-36
-8
3
-2
-18
-8
-7
-7
-20
-3
16
16
-1
-32
0
46
14
-32
-26
18
48
5
-29
-1
40
17
-31
-20
18
33
-6
-20
3
12
11
-4
3
-4
-2
7
8
-4
-9
-1
2
-4
-6
10
8
-3
-12
5
29
25
-22
-20
30
52
5
-35
-10
54
52
-2
-27
20
55
35
-2
-9
32
53
21
-20
-12
46
49
1
-17
20
40
17
-14
-6
16
19
6
2
1
-4
7
5
-7
-8
-4
16
1
-17
-11
-17
1
26
1
-39
-15
35
30
-31
-43
12
44
9
-41
-37
22
42
6
-38
-19
27
30
-23
-43
16
46
13
-41
-29
27
39
-7
-52
-22
37
24
-32
-43
-13
25
13
-36
-54
-8
35
7
-63
-63
10
36
-10
-75
-49
22
37
-32
-64
-22
15
1
-20
-35
-13
7
-16
-21
-3
3
-16
-15
10
3
-14
-3
16
11
-1
-13
-8
29
27
-15
-28
7
41
17
-21
-25
17
37
-1
-30
-6
30
28
-16
-31
-5
37
18
-31
-24
18
32
-14
-50
-3
28
30
-17
-40
3
36
21
-9
-23
6
42
24
-20
-22
32
58
21
-21
-14
46
64
10
-31
3
70
46
-11
-18
25
59
26
-23
-16
40
56
6
-40
-6
54
42
-40
-37
31
53
-4
-52
-16
42
37
-22
-55
-7
40
17
-25
-45
3
36
25
-34
-51
17
55
8
-42
-33
19
57
-2
-49
-32
35
46
-22
-42
11
42
11
-22
-33
21
37
-15
-42
-4
41
17
-29
-44
-1
35
10
-50
-42
2
29
-17
-48
-33
-4
15
-17
-47
-32
-6
4
-12
-45
-31
5
7
-33
-49
-10
27
-1
-40
-44
9
46
-4
-61
-35
36
45
-8
-51
-16
36
52
-14
-58
-1
60
26
-34
-24
24
28
0
-22
-1
23
1
-21
7
27
1
-25
-14
27
33
-11
-42
-2
33
10
-29
-28
16
22
-6
-22
-3
18
23
-3
-16
-6
26
32
5
-14
11
38
20
-12
4
32
60
16
-29
-2
64
68
-5
-53
11
87
52
-35
-51
44
95
12
-76
-21
78
64
-35
-61
12
76
22
-68
-39
36
68
-8
-78
-24
68
53
-55
-80
16
77
12
-79
-45
52
65
-27
-80
-2
71
20
-54
-48
30
62
-2
-63
-30
55
52
-29
-63
-1
73
33
-44
-56
10
62
11
-58
-40
31
49
-16
-71
-34
49
27
-49
-84
-2
55
-5
-78
-58
31
45
-60
-82
1
33
-19
-59
-26
26
4
-50
-46
9
27
-9
-51
-23
30
11
-30
-25
16
17
-12
-12
11
11
1
-2
3
4
18
-1
-10
3
24
7
-14
-13
1
25
0
-9
-4
15
-4
-11
6
17
-10
-8
0
11
0
-11
-9
7
-1
1
11
6
-13
-15
26
40
-8
-30
6
35
22
7
-13
6
46
42
0
-30
21
56
30
-15
-5
27
55
24
-18
-10
33
43
23
-22
-14
34
53
-7
-37
20
49
16
-30
-27
22
44
10
-46
-37
37
59
-15
-74
-21
54
47
-35
-73
-2
72
28
-50
-59
18
70
9
-73
-36
51
49
-36
-61
10
54
29
-45
-48
30
68
3
-61
-41
42
63
-12
-76
-25
57
44
-43
-77
-4
57
18
-71
-76
23
70
-20
-99
-49
48
33
-52
-88
-15
49
18
-55
-68
-5
27
14
-40
-54
2
30
-13
-54
-22
34
16
-36
-30
20
32
-13
-41
5
50
15
-38
-28
36
43
-11
-37
8
48
14
-34
-24
20
35
-7
-31
-4
26
15
-14
-17
5
24
3
-19
-20
6
21
-10
-23
3
23
-5
-11
11
14
2
5
0
9
18
18
-1
-12
21
38
16
-8
-1
44
56
-3
-36
14
67
55
-24
-38
29
74
27
-35
-15
36
41
2
-24
-4
41
32
-22
-36
13
49
17
-47
-32
34
51
-19
-61
-7
60
21
-50
-47
26
44
-9
-43
-25
26
29
-9
-30
-16
24
23
-24
-19
7
15
8
-6
-33
-5
40
36
-30
-46
13
44
10
-35
-30
12
23
-3
-32
-25
10
19
-22
-38
-23
12
8
-21
-47
-25
3
-1
-38
-33
-7
5
-13
-51
-36
17
6
-35
-56
-17
39
12
-47
-56
0
49
9
-60
-38
42
41
-30
-50
10
47
14
-30
-23
24
46
9
-35
-18
22
30
-10
-22
9
15
5
-23
-15
25
17
-24
-23
20
27
-25
-45
6
42
-4
-42
-16
20
21
-5
-22
-9
19
13
0
-11
3
23
15
-5
-15
19
47
12
-16
2
46
52
5
-27
8
67
44
-25
-27
36
62
18
-42
-16
50
50
3
-28
-11
30
51
-8
-35
15
55
-2
-57
-15
51
42
-36
-60
-2
50
22
-59
-39
34
43
-19
-48
-13
35
35
-20
-60
-13
51
30
-34
-42
19
48
3
-54
-30
30
56
4
-58
-22
55
57
-39
-81
-5
76
32
-58
-59
11
54
9
-60
-52
8
23
-7
-37
-39
6
-9
-34
-34
-15
-13
-19
-10
-18
-29
-25
2
-9
-37
-21
-7
14
-1
-30
-29
-1
23
-3
-41
-12
40
17
-34
-41
15
52
15
-39
-25
28
44
5
-34
-13
32
23
-24
-24
23
23
-12
-26
1
20
12
-8
-20
-14
13
15
-7
-20
-5
13
5
-23
-17
4
26
9
-11
-19
14
31
14
-16
-27
25
50
14
-22
2
34
27
3
-4
29
45
12
-3
11
31
19
15
15
10
9
6
30
40
-3
-12
5
41
27
-21
-33
26
49
4
-43
-11
36
18
-19
-22
3
8
-7
-13
-7
3
11
-8
-33
-16
30
28
-27
-30
13
41
-9
-51
-19
48
33
-33
-47
16
47
17
-45
-48
26
68
5
-59
-36
48
55
-28
-68
-9
56
14
-38
-51
-9
38
12
-61
-59
14
41
-19
-76
-49
33
33
-44
-87
-23
48
24
-81
-74
19
48
-21
-67
-34
36
25
-21
-42
-23
16
27
-8
-23
-12
17
19
-9
-17
9
23
22
-6
-29
-7
44
35
-32
-33
16
38
5
-29
-21
20
47
-6
-44
-19
34
32
-9
-37
-7
24
20
-4
-31
-10
20
23
6
-20
-18
15
44
9
-38
-20
42
49
3
-38
-1
57
47
-14
-20
30
60
14
-16
10
40
37
7
-19
14
47
43
-4
-21
19
48
6
-25
3
35
21
-20
-7
16
22
-5
-15
7
1
-4
-11
7
4
-8
-17
-18
13
10
-24
-24
5
16
-3
-23
-14
-1
28
2
-47
-9
33
19
-11
-30
-9
24
21
-4
-19
1
17
-3
-18
6
26
-1
-33
-13
22
23
-24
-46
-19
25
15
-44
-48
1
24
-15
-63
-41
12
21
-33
-56
-21
9
2
-35
-47
-11
14
0
-37
-39
-2
32
-8
-55
-25
36
27
-21
-61
-1
52
29
-38
-42
21
66
5
-52
-11
48
41
-21
-46
-5
46
29
-26
-32
17
37
-3
-21
0
23
18
-23
-26
10
33
13
-21
-21
3
17
1
-25
-7
6
16
13
-14
-5
12
12
3
-7
17
28
10
0
4
18
17
12
4
28
30
8
0
26
24
9
13
33
20
-5
-1
20
49
20
-22
-14
42
36
3
-21
-9
14
39
9
-31
-23
23
32
-14
-44
-13
34
11
-44
-34
32
17
-30
-32
8
33
6
-38
-35
19
43
-10
-53
-21
41
34
-25
-39
5
46
11
-38
-11
32
25
-13
-23
4
20
7
-24
-29
6
26
-4
-36
-28
-1
10
-6
-34
-39
0
2
-28
-39
-12
-2
-31
-33
1
9
-34
-60
-10
22
5
-50
-54
19
39
-28
-61
-6
55
7
-68
-23
47
38
-34
-48
7
60
19
-40
-26
24
46
-1
-45
-8
53
32
-41
-37
31
49
8
-55
-21
39
44
-16
-47
8
48
8
-46
-26
39
49
-20
-53
-13
59
35
-42
-42
26
57
11
-39
-34
26
62
22
-37
-18
46
58
-9
-24
12
58
42
-19
-24
43
63
12
-27
1
44
36
4
-11
9
32
23
7
-8
10
22
20
-3
-2
3
8
-6
1
12
1
-17
-11
3
10
-14
-35
7
23
-9
-24
1
12
-2
-15
-14
14
14
-8
-26
-11
21
23
-9
-27
1
30
24
-20
-35
10
43
27
-40
-52
16
71
15
-70
-52
49
52
-45
-74
-6
50
12
-54
-68
-4
45
2
-66
-63
9
33
-9
-73
-58
24
42
-30
-64
-39
26
33
-40
-73
-3
59
7
-58
-44
26
41
-7
-44
-13
36
23
-12
-25
4
15
7
19
-8
-20
8
22
3
-20
4
37
9
-40
-15
32
27
-20
-27
6
28
21
-12
-31
-18
26
22
-15
-28
4
26
15
-7
-18
-4
24
11
-14
-15
28
30
10
-20
-7
26
43
7
-14
3
40
47
9
-27
11
67
37
-25
-19
42
61
5
-36
5
59
45
-26
-28
18
54
27
-25
-34
14
44
13
-30
-14
11
23
-8
-34
-16
23
24
-28
-30
4
27
-1
-42
-8
16
16
-11
-25
7
25
-2
-20
-8
15
10
-20
-11
30
14
-22
-14
32
31
-29
-38
14
30
-5
-27
-18
15
5
-10
-22
-8
4
-11
-30
-32
12
13
-26
-63
-36
29
34
-49
-92
-33
57
33
-62
-86
-4
71
2
-99
-65
43
77
-28
-98
-37
72
51
-66
-81
22
85
12
-78
-42
56
67
-16
-65
-1
57
31
-30
-40
10
47
23
-25
-30
8
23
21
-4
-36
-12
46
23
-23
-36
6
38
20
-26
-29
11
20
11
-14
-10
2
12
9
-8
-3
24
11
-15
7
35
14
0
5
15
28
25
11
14
22
15
8
30
19
7
34
32
3
-6
23
40
23
-2
-14
16
31
16
-4
-7
10
26
13
-25
-14
20
25
-12
-35
-11
32
19
-35
-34
11
26
5
-25
-24
6
26
-3
-17
-16
-2
15
5
-10
-9
4
13
5
-12
-8
20
17
-8
-24
11
36
-3
-38
-22
18
31
-14
-36
-20
7
1
-4
-13
-26
-18
-19
-3
-11
-25
-28
-10
-1
-14
-36
-32
-5
8
-21
-27
-32
-3
15
-12
-27
-9
-10
-16
-16
-5
15
7
-36
-40
12
46
16
-52
-34
30
60
5
-60
-16
64
42
-37
-47
17
70
19
-57
-45
44
71
-9
-68
-23
49
57
-21
-64
-1
57
31
-36
-42
7
45
23
-38
-50
26
65
-6
-66
-27
58
64
-5
-61
-10
61
57
-25
-42
28
57
27
-9
1
28
40
12
13
24
21
22
13
3
21
28
29
11
0
14
22
20
3
6
11
4
8
13
1
-13
-7
19
23
-29
-28
19
42
-3
-64
-16
49
32
-40
-54
24
49
3
-45
-23
24
42
-7
-53
-13
48
30
-36
-40
9
64
15
-51
-29
40
54
-11
-54
-15
37
40
-23
-48
-1
27
11
-22
-37
-7
17
-3
-39
-35
13
15
-34
-52
-18
19
2
-45
-59
-3
39
-12
-71
-43
36
20
-43
-65
-1
47
5
-56
-35
18
39
-4
-34
-26
11
27
7
-25
-9
18
20
-1
-19
-1
10
13
1
4
-12
-6
16
4
-15
-1
5
16
2
-23
-7
27
18
-19
-32
6
14
3
-12
-19
0
15
12
-18
-29
8
32
6
-18
-8
22
25
4
-9
-2
32
27
-2
-18
29
61
34
-29
-24
35
72
35
-24
-22
44
58
9
-28
0
46
46
-16
-33
14
50
18
-26
-23
27
32
-11
-35
1
30
4
-30
-20
17
13
-20
-27
-4
15
9
-6
-14
-18
7
15
-1
-19
-16
17
18
-17
-22
4
21
5
-23
-17
15
17
-1
-14
5
13
-13
-15
8
20
-10
-28
5
8
-15
-24
-7
8
-9
-31
-33
-8
10
-9
-50
-37
6
12
-31
-66
-21
32
13
-49
-60
-11
27
-6
-49
-34
5
22
-7
-46
-39
12
23
-10
-25
-17
16
23
-14
-23
4
35
14
-21
-21
21
39
-2
-34
-6
42
28
-15
-31
-7
24
29
-3
-28
-12
22
16
-8
-18
-4
20
22
-20
-19
15
4
-5
-16
6
17
9
-12
-4
14
14
9
4
-3
11
20
22
8
2
14
17
21
26
12
-1
34
44
2
-9
21
51
19
-21
11
43
28
-10
-8
33
44
3
-32
-8
47
35
-20
-37
-1
42
25
-35
-47
23
55
1
-62
-47
45
66
-14
-75
-26
56
39
-25
-46
1
31
31
-23
-40
8
49
16
-35
-32
27
38
-5
-24
-19
26
29
-6
-25
-10
21
17
-21
-45
-7
33
14
-38
-47
-5
32
1
-44
-36
1
1
-20
-35
-10
-4
-27
-33
-8
9
-14
-34
-9
-10
-33
-16
5
1
-14
-28
-14
12
4
-25
-31
9
29
6
-36
-9
22
28
-7
-23
-2
27
19
6
-20
3
19
14
-14
-18
16
27
2
-31
-11
26
24
-9
-30
-11
30
33
-8
-46
-15
31
35
-19
-53
4
43
25
-27
-43
17
56
14
-42
-7
37
30
-1
-16
23
40
16
-1
14
21
39
17
5
13
33
22
9
1
13
20
19
14
12
2
9
18
26
1
-21
6
30
16
-24
-19
20
34
-11
-44
4
38
-7
-41
-19
28
33
-25
-48
1
49
21
-30
-47
14
47
12
-42
-32
32
35
-24
-36
5
39
12
-39
-25
20
43
2
-40
-12
30
12
-31
-26
16
23
-9
-30
-24
3
11
-8
-26
-34
-9
17
-14
-44
-39
8
8
-34
-40
-17
1
-9
-43
-33
13
13
-39
-44
-7
19
0
-29
-31
5
7
-5
-17
-3
6
-5
5
8
-4
-25
4
26
23
-10
-29
3
41
1
-17
-22
10
25
15
-6
-32
0
32
23
-29
-31
9
39
8
-31
-19
19
10
-12
-19
-4
13
25
-1
-34
-7
29
34
-14
-31
10
45
28
-15
-27
19
53
23
-17
1
28
55
15
-22
10
50
44
-1
-22
22
51
19
-4
2
20
29
5
-14
8
27
13
1
-12
1
17
6
-7
3
-3
-14
-1
8
-6
-21
-1
9
5
-10
-6
-4
0
-1
-12
19
11
-11
-16
2
7
7
-1
-25
0
18
12
-19
-17
4
30
15
-29
-31
19
38
-1
-47
-19
30
20
-26
-33
-14
7
5
-22
-39
-15
9
0
-40
-43
1
14
-25
-50
-33
12
3
-25
-46
-24
21
6
-45
-56
4
47
0
-67
-48
31
43
-30
-50
-7
52
31
-34
-44
9
46
19
-27
-21
15
24
8
-8
1
2
12
-5
-5
11
9
-12
5
4
-6
4
6
-1
3
-5
-9
1
18
-7
-25
0
21
7
-10
-7
9
11
-6
-14
24
33
6
-17
-1
13
37
32
-17
-19
30
69
32
-30
-18
46
78
9
-55
-5
79
70
-20
-54
11
89
50
-46
-48
32
73
15
-52
-29
37
67
-10
-65
-19
56
40
-37
-60
7
49
19
-48
-48
19
41
1
-46
-22
17
33
-5
-33
-15
10
30
5
-38
-30
24
41
-5
-33
-16
22
17
-8
-14
8
8
0
-11
-3
25
1
-36
-20
19
8
-27
-27
-3
10
-10
-39
-22
5
-6
-28
-29
-3
11
-34
-67
-11
42
-7
-74
-50
21
28
-20
-61
-26
17
19
-31
-44
11
17
-22
-23
4
18
5
-18
-12
15
34
3
-40
-8
46
31
-36
-33
33
46
-4
-44
-13
40
27
-30
-25
25
30
-15
-22
6
14
4
-12
-8
17
15
-9
-30
-4
19
17
1
-24
-14
17
39
12
-25
-23
34
51
2
-30
0
47
33
8
-3
14
25
29
12
11
23
20
10
8
26
19
7
6
19
18
16
1
8
18
11
-11
7
23
5
-10
-5
10
24
-8
-22
-4
9
15
-10
-40
-14
43
19
-50
-42
27
50
-7
-55
-18
36
29
-27
-37
16
32
1
-30
-29
29
44
-8
-49
-17
58
34
-44
-44
25
50
-4
-47
-34
18
37
-14
-51
-20
26
10
-35
-46
-13
14
-1
-38
-40
-11
13
-13
-58
-41
10
21
-29
-56
-22
16
11
-33
-39
-6
13
-8
-30
-6
11
-7
-18
10
26
-14
-31
6
40
9
-18
-17
18
36
-2
-30
-5
32
28
-17
-23
0
29
-2
-6
9
4
6
-9
-9
5
16
10
-15
-15
6
20
-8
-18
-7
19
26
-17
-36
7
33
36
-19
-33
12
64
21
-39
-11
55
49
-24
-28
47
74
18
-39
-5
59
59
-6
-35
24
55
19
-9
1
17
35
11
-2
-6
9
17
17
0
-17
0
20
11
-6
-13
-2
10
10
-11
-20
-5
11
-5
-9
-5
5
12
-16
-9
-17
0
25
-10
-36
-5
32
15
-19
-20
9
21
1
-10
-12
6
16
17
-9
-29
4
19
8
-10
-27
-7
25
12
-36
-42
10
42
-15
-64
-36
22
38
-33
-96
-28
59
13
-83
-77
28
56
-38
-94
-17
61
12
-78
-67
19
52
6
-70
-51
30
54
-24
-55
-11
45
27
-33
-40
15
49
29
-36
-34
24
45
0
-23
-3
12
12
-3
3
-1
-6
1
24
-2
-20
-6
21
19
-8
-33
-4
33
26
-19
-42
-5
32
25
-15
-25
6
30
10
-7
-2
8
19
19
0
-9
14
42
24
-3
-10
27
45
26
-15
0
50
49
-12
-27
32
60
22
-23
-17
51
50
3
-37
2
48
26
-28
-24
25
49
2
-54
-13
54
29
-43
-45
9
43
4
-35
-29
13
29
-6
-33
-20
-4
38
20
-34
-47
13
47
0
-48
-25
35
35
-22
-49
11
45
6
-30
-8
22
22
-15
-25
15
20
-7
-27
-6
3
0
-5
-15
-22
-7
-5
-13
-15
-23
-20
-16
-17
-15
-18
-24
-24
-5
-18
-23
-18
-21
-16
-3
-24
-13
-2
-17
-25
-8
10
8
-19
-32
-5
31
22
-29
-35
4
43
22
-37
-20
31
45
-12
-41
7
48
16
-34
-22
21
35
-6
-34
1
33
30
-11
-49
-17
31
46
-7
-49
-20
40
34
-17
-56
-11
56
30
-29
-31
18
44
15
-24
-22
30
43
16
-18
-8
30
36
10
-4
19
31
16
8
14
29
21
13
17
18
7
20
15
11
9
15
-2
14
29
13
-10
-18
16
28
7
-27
-14
31
23
-21
-32
-2
25
4
-30
-12
11
8
-27
-9
19
6
-13
-14
6
8
-7
-29
-5
27
19
-20
-23
13
19
3
-8
-19
2
29
24
-24
-33
-5
43
12
-34
-34
10
33
-10
-46
-24
23
15
-44
-52
-7
31
-8
-59
-45
14
26
-23
-71
-31
28
12
-51
-55
-9
36
-6
-47
-39
-1
11
-5
-5
-6
-20
-10
2
19
4
-16
-13
11
25
2
-20
-10
26
22
-18
-24
14
39
7
-37
-19
32
39
-27
-33
10
40
-6
-32
-2
24
17
-17
-25
1
30
11
-21
-25
6
36
19
-27
-29
26
43
0
-38
-2
43
48
4
-43
-9
64
56
-15
-44
26
82
34
-47
-24
59
73
5
-54
0
79
63
-27
-54
26
89
28
-57
-30
58
59
-8
-47
-10
36
33
-19
-39
3
44
12
-31
-38
2
21
16
-25
-31
1
18
9
-23
-23
10
18
2
-24
-13
19
17
-16
-23
3
17
10
0
-9
-10
7
22
6
-23
-19
17
29
2
-39
-21
18
29
-11
-41
-31
6
26
-7
-55
-35
23
13
-50
-58
-10
25
1
-59
-52
8
27
-18
-67
-42
26
21
-39
-56
0
41
-9
-49
-24
36
25
-32
-53
9
58
11
-47
-35
32
48
2
-34
-11
30
21
-10
-12
-3
16
14
-2
-18
-10
10
26
10
-19
-12
15
16
4
-26
-20
28
26
-3
-29
-11
29
20
-24
-25
12
30
4
-22
-2
31
20
1
-3
-3
13
26
22
8
-5
14
37
30
10
-2
20
39
27
-16
-16
43
53
5
-18
10
42
31
-13
-23
28
50
16
-36
-19
38
43
-21
-59
3
62
35
-52
-46
20
38
-5
-52
-17
38
21
-36
-38
9
37
-2
-42
-18
27
23
-23
-25
7
19
-1
-15
-1
10
-2
-10
7
12
1
-12
0
17
1
-19
-13
10
2
-15
-15
-1
0
-16
-32
-15
7
-18
-28
-19
-26
-14
1
-33
-37
-13
-7
-8
-38
-42
4
17
-16
-53
-43
30
28
-31
-58
-18
34
37
-43
-68
7
60
23
-52
-38
26
42
-2
-40
-2
35
21
-8
-31
11
43
2
-39
-17
28
38
-13
-34
-3
26
19
-10
-9
0
15
4
-13
-5
10
15
-15
-16
5
9
8
-6
-2
8
15
4
-13
11
26
4
-15
3
40
23
-13
1
39
39
1
-18
9
61
49
-15
-22
34
61
14
-24
-3
47
45
-3
-23
3
44
34
-24
-31
24
56
9
-56
-32
54
51
-26
-63
-7
48
21
-40
-45
10
40
-12
-41
-12
22
20
-2
-32
-21
25
30
-28
-35
12
45
-1
-41
-15
36
44
-18
-52
3
59
23
-46
-42
38
38
-28
-48
7
32
-2
-43
-29
12
17
-26
-53
-27
27
6
-55
-56
-2
26
3
-65
-63
11
45
-10
-78
-49
31
43
-31
-76
-29
40
32
-25
-50
-25
24
23
-8
-7
-10
1
18
8
-4
-12
-2
20
30
0
-34
-17
46
37
-31
-36
7
48
15
-48
-38
39
52
-15
-49
-7
52
39
-40
-52
12
56
26
-40
-57
9
65
35
-47
-56
21
66
9
-45
-17
27
42
7
-19
1
40
34
-6
-9
31
51
19
-27
-6
58
54
-8
-31
23
68
30
-20
-35
36
66
21
-34
-11
34
27
3
-10
10
25
8
-19
-23
17
18
-18
-23
-4
8
-3
-13
-4
5
-8
-12
4
-4
-1
-6
-9
3
5
-7
1
1
5
-12
-6
10
27
-8
-28
-1
27
26
-9
-26
-14
17
5
-10
-8
1
0
-12
-18
-3
-3
-20
-25
0
-4
-20
-34
-20
-11
-19
-17
-6
-14
-51
-37
12
11
-31
-51
-5
18
-23
-27
-17
2
-5
-20
-19
-8
13
1
-23
0
8
3
1
-9
-8
7
11
-3
-4
1
23
14
-5
-16
3
17
4
-12
-7
9
4
6
15
-8
-5
-3
12
16
-9
-24
-2
27
10
-30
-20
22
24
-10
-25
6
22
15
-21
-12
20
34
6
-22
-8
37
36
-2
-18
24
52
34
-2
-20
14
59
44
-1
-26
17
61
35
-12
-28
25
67
39
-33
-46
33
78
7
-69
-17
77
43
-56
-63
42
76
-16
-83
-24
58
27
-33
-47
2
49
-1
-41
-21
25
21
-11
-30
-7
25
14
-18
-11
1
12
5
-3
0
-3
-3
8
8
-8
9
16
-6
-27
-11
27
15
-30
-32
0
23
-4
-41
-21
7
3
-18
-34
-5
-5
-24
-19
-12
-20
-29
-27
-4
4
-20
-40
-18
6
-9
-36
-21
-5
3
8
-27
-23
-5
11
-6
-27
1
24
5
-20
-24
13
29
8
-27
-3
25
27
-7
-22
-1
29
22
-17
-26
1
31
14
-17
-27
13
39
2
-47
-7
37
20
-24
-30
8
40
1
-35
-24
22
31
-12
-35
1
49
18
-21
-20
12
41
24
-19
1
34
32
4
-7
19
38
16
2
21
34
15
1
21
45
20
-6
4
30
26
-5
-3
25
32
-6
-13
11
22
9
-20
-14
17
18
0
-24
-13
18
13
-19
-31
-11
27
29
-16
-44
-1
36
2
-40
-16
32
27
-25
-39
-9
30
31
-24
-43
8
42
12
-27
-25
10
41
21
-40
-42
6
42
8
-36
-41
11
26
-23
-44
-5
30
-8
-57
-27
17
12
-29
-52
-18
13
1
-38
-35
-7
10
-20
-40
-19
4
-11
-23
-21
1
-3
-17
-12
-9
4
-9
-15
-2
12
13
-17
-17
6
14
10
-11
-3
12
0
6
17
4
-10
-5
8
10
7
-1
-12
-5
14
6
8
-1
-13
-1
20
7
-14
-13
18
1
-15
-12
12
25
-10
-32
2
39
16
-22
-9
30
19
-2
-6
16
21
13
14
23
10
10
19
26
17
15
27
26
13
4
19
25
18
3
0
22
24
3
-4
16
26
3
-21
9
26
1
-19
-3
12
12
-15
-16
4
9
-5
-13
-4
3
-9
-10
-7
17
4
-27
-15
17
25
-9
-28
-7
18
16
-17
-23
20
38
-13
-43
-9
34
35
-13
-53
-5
50
18
-52
-43
22
48
-7
-56
-44
27
56
-18
-82
-38
35
32
-36
-78
-35
49
21
-68
-72
3
46
0
-70
-53
15
36
-22
-66
-31
33
30
-37
-60
-9
34
24
-27
-45
3
53
17
-42
-46
31
59
0
-37
-8
22
19
6
-20
-17
24
27
-5
-26
0
20
16
2
-23
-9
22
14
-15
-17
1
23
11
-13
-34
0
28
12
-16
-25
3
31
29
-11
-32
4
32
25
4
-16
14
50
31
-15
-10
30
49
22
-15
7
40
55
13
-23
6
43
33
-8
-12
33
50
0
-28
9
43
16
-16
-14
27
37
-10
-35
-17
32
24
-23
-32
-2
23
6
-28
-26
8
20
2
-23
-16
15
13
-4
-26
-14
34
18
-30
-42
16
43
6
-39
-23
27
46
-16
-38
2
24
9
-13
-13
-9
-1
12
2
-19
-21
13
6
-22
-27
-23
1
6
-26
-32
-21
7
-9
-27
-32
-23
-1
-2
-22
-35
-29
-12
10
2
-39
-47
-9
30
6
-43
-33
6
25
1
-36
-24
16
26
-11
-20
7
27
14
-14
-20
21
23
-2
-19
-12
18
28
6
-17
-12
8
6
7
-4
-3
13
10
-9
-23
1
17
12
-11
-15
15
10
-14
-19
13
28
-2
-29
-13
38
30
-1
-22
-4
32
29
-2
-5
21
34
22
11
1
31
30
11
13
28
19
7
4
38
27
-8
-13
41
51
6
-32
-14
53
37
-33
-44
27
59
11
-53
-33
45
46
-21
-59
-6
38
24
-28
-39
6
30
-3
-43
-11
36
22
-27
-40
13
37
8
-32
-21
5
24
-3
-17
2
14
13
-10
-29
3
38
14
-33
-39
10
45
1
-37
-26
20
12
-32
-37
3
18
-7
-33
-41
-9
15
-24
-49
-20
7
-6
-36
-31
-4
2
-30
-34
-11
1
-16
-27
-26
-3
6
-15
-27
-4
5
-6
-16
-1
10
-8
-9
17
12
-20
-4
26
16
-4
-25
0
19
18
-6
-20
3
15
19
-3
-26
-12
20
23
-9
-31
-6
41
15
-38
-31
22
37
-4
-42
-23
39
48
-16
-52
-6
52
33
-27
-44
26
63
26
-37
-22
40
62
5
-22
9
61
44
-17
-11
30
52
22
-6
-6
24
32
21
1
0
19
19
24
4
-12
8
19
24
-5
-18
5
16
5
1
-8
-21
5
18
-8
-30
-16
20
7
-12
-12
4
10
1
-15
2
11
-7
-15
7
10
-4
2
-9
-18
9
18
3
-22
-13
20
31
0
-34
-3
23
15
-2
-32
-27
16
33
-2
-61
-38
32
31
-30
-58
-27
15
17
-41
-62
-7
37
-6
-66
-43
8
23
-39
-66
-8
36
-2
-65
-46
30
27
-23
-42
-12
19
16
-25
-26
11
15
-7
-10
-1
4
16
17
8
-15
-5
29
23
-12
-13
2
16
16
-1
-14
-5
14
16
-5
-16
6
19
-6
-11
-8
17
12
-2
-21
-10
8
10
3
-2
-13
7
22
8
-10
4
22
16
-12
8
19
33
12
-4
10
39
41
2
-12
21
47
47
-7
-25
16
59
34
-15
-22
23
59
23
-32
-24
46
43
-10
-47
4
67
31
-55
-50
40
63
-15
-66
-22
54
30
-39
-51
8
48
11
-41
-34
18
33
12
-37
-27
19
43
4
-45
-29
32
44
-20
-41
-12
44
17
-16
-30
19
31
-2
-39
-15
26
20
-10
-38
-13
27
5
-29
-29
-11
-4
-7
0
-19
-35
-22
-1
12
-22
-61
-30
23
21
-39
-72
-16
41
9
-59
-60
5
45
-13
-54
-28
14
29
-12
-49
-16
45
30
-31
-39
12
58
20
-40
-29
38
51
-5
-42
-9
34
25
-12
-28
-2
31
15
-17
-26
12
24
13
-18
-26
14
18
3
-18
-24
14
30
6
-29
-17
30
18
-10
-19
-5
29
25
-13
-9
30
43
9
-11
2
30
37
31
7
-13
12
40
45
6
-10
12
52
30
-26
-10
37
47
12
-24
-7
45
39
-20
-28
1
37
29
-33
-29
35
44
-17
-55
-23
39
38
-34
-53
6
45
9
-51
-24
37
41
-31
-49
-9
49
26
-26
-42
6
37
2
-27
-25
8
39
14
-36
-26
37
34
-15
-36
-9
27
17
-14
-20
-9
0
6
-3
-18
-24
-8
-7
-12
-8
-12
-31
-34
-14
10
-9
-43
-38
-15
5
-9
-37
-30
-7
2
-17
-23
-9
-4
-20
-16
10
5
-21
-29
4
37
10
-47
-24
38
42
-1
-44
-12
48
45
-20
-52
-1
62
26
-41
-38
15
46
16
-42
-22
25
32
-7
-33
-14
30
34
-18
-35
7
25
9
-21
-18
16
42
-1
-46
-21
47
50
-7
-59
1
80
43
-46
-34
45
67
18
-34
-19
56
75
10
-58
-3
90
55
-31
-35
33
72
24
-41
-10
45
58
-21
-35
23
55
10
-41
-10
37
24
-18
-24
11
24
-6
-15
-9
15
-3
-15
-4
7
-6
-18
9
11
-14
-27
2
35
11
-32
-31
9
32
10
-30
-20
4
32
6
-30
-16
30
38
-15
-35
-1
33
13
-32
-34
12
39
-5
-54
-31
32
24
-32
-62
-18
42
14
-63
-70
4
42
-11
-70
-57
15
36
-24
-69
-37
24
26
-45
-58
-7
25
8
-33
-32
2
24
6
-42
-22
33
38
-11
-48
-3
51
38
-25
-36
7
54
18
-32
-24
10
26
15
-18
-25
11
24
7
-3
-30
-8
30
17
-23
-20
7
21
14
-12
-36
-18
36
28
-21
-26
10
39
14
-31
-23
26
49
8
-18
3
20
43
12
-17
6
48
39
-5
-11
26
56
32
-26
-17
51
64
-6
-42
8
61
38
-27
-43
22
63
14
-28
-15
24
37
-3
-32
-15
38
28
-21
-32
0
33
14
-25
-37
-1
21
4
-17
-23
11
13
0
-12
-18
5
23
1
-30
-19
26
31
-20
-29
1
18
16
-4
-14
-9
-2
15
21
-17
-28
2
22
3
-26
-22
-7
11
-2
-30
-16
-6
-10
-26
-18
-23
-12
-8
-26
-35
-17
-4
-4
-19
-30
-23
10
-10
-36
-19
14
-1
-20
-24
-4
18
3
-33
-20
11
31
-3
-20
-1
23
17
-5
-17
4
24
17
-7
-15
17
19
-6
-13
1
22
12
-15
-14
9
11
17
-3
-37
-5
33
23
-29
-21
28
20
-16
-33
8
50
13
-33
-24
24
42
13
-27
-14
22
44
22
-12
8
31
27
16
7
11
22
16
18
21
18
13
20
24
7
0
20
34
20
4
0
8
24
29
-6
-19
0
45
30
-32
-46
20
60
10
-60
-32
37
44
-19
-51
-1
40
12
-45
-28
34
18
-22
-31
15
34
-16
-21
-7
9
15
9
-7
-22
-10
16
34
-2
-24
-4
28
9
-26
-16
4
24
2
-30
-19
13
22
-29
-45
4
19
-15
-48
-32
20
3
-46
-40
-9
10
-14
-46
-25
3
-3
-34
-31
-2
-4
-12
-18
-19
-5
-4
-12
-2
2
-11
-15
-14
16
23
-14
-20
7
31
-4
-21
1
34
12
-17
-19
23
35
-10
-39
-6
50
38
-37
-52
20
57
11
-43
-30
16
44
21
-32
-39
14
46
0
-48
-23
41
42
-16
-44
8
52
12
-28
-9
27
37
11
-17
-11
38
38
