#8
-284
230
388
-38
-384
-122
348
298
-201
-383
45
430
145
-339
-267
238
383
-49
-403
-113
382
300
-244
-390
86
436
108
-380
-268
278
396
-95
-434
-98
395
276
-274
-390
104
439
94
-399
-265
273
393
-94
-429
-99
377
282
-253
-407
81
459
120
-398
-284
299
420
-110
-465
-86
443
292
-307
-408
143
478
81
-423
-257
318
417
-125
-459
-68
443
275
-313
-376
161
464
62
-423
-239
334
394
-143
-438
-31
429
237
-311
-369
164
452
47
-417
-212
331
363
-162
-414
4
425
185
-333
-313
208
417
0
-388
-161
331
332
-170
-374
26
404
167
-301
-262
208
368
-27
-361
-104
331
280
-184
-340
51
390
135
-322
-259
212
361
-45
-373
-93
345
237
-223
-329
102
386
61
-353
-197
270
314
-128
-366
-20
359
185
-274
-292
150
360
8
-343
-155
282
285
-148
-335
7
340
157
-266
-274
143
352
13
-326
-153
275
284
-152
-345
9
351
155
-292
-272
167
353
-13
-350
-146
276
268
-170
-331
9
335
135
-285
-263
168
329
-19
-348
-143
281
267
-174
-346
21
344
130
-280
-254
170
344
-18
-355
-128
292
253
-169
-317
30
324
123
-266
-229
172
309
-17
-305
-107
255
237
-137
-274
22
302
125
-238
-227
138
303
14
-279
-135
220
252
-102
-287
-20
284
152
-216
-235
128
293
-1
-282
-105
234
213
-123
-259
19
279
106
-210
-171
135
236
-15
-211
-58
209
163
-124
-180
67
227
49
-177
-96
157
199
-41
-205
-15
223
130
-143
-171
94
236
19
-220
-106
192
209
-93
-234
17
241
98
-189
-179
113
220
-7
-228
-98
180
190
-106
-246
1
241
102
-202
-199
107
240
-2
-237
-121
180
202
-102
-245
-15
232
121
-184
-187
90
233
-6
-219
-89
181
179
-107
-232
0
232
115
-185
-210
87
258
18
-250
-129
174
202
-97
-251
-13
243
111
-198
-207
106
243
-11
-249
-94
203
175
-145
-225
43
239
47
-219
-143
156
208
-65
-224
-28
209
109
-147
-155
65
178
25
-157
-78
130
129
-55
-140
0
147
73
-109
-123
71
174
13
-158
-86
130
145
-45
-179
-19
177
89
-133
-134
68
175
9
-162
-81
135
138
-64
-163
9
163
79
-116
-125
68
159
13
-139
-58
121
126
-42
-124
-2
148
78
-90
-89
63
127
-9
-108
-16
111
89
-56
-108
24
132
37
-103
-73
81
107
-38
-112
-15
107
63
-71
-78
35
92
2
-87
-36
65
64
-37
-84
3
93
40
-81
-80
32
113
30
-107
-70
78
89
-40
-96
-11
100
57
-79
-84
43
108
-5
-113
-40
92
81
-58
-101
21
113
27
-97
-81
58
110
-12
-123
-50
88
88
-57
-123
-9
103
52
-86
-105
33
113
3
-118
-66
72
87
-37
-117
-18
97
55
-66
-89
22
82
19
-69
-58
36
69
-1
-78
-23
67
46
-25
-61
1
58
46
-32
-51
11
68
24
-45
-44
43
73
-5
-69
-17
65
42
-38
-49
16
59
1
-58
-28
49
47
-20
-37
-2
38
21
-15
-19
16
23
2
-21
2
22
15
-2
-13
9
31
21
-12
-8
24
25
16
2
-8
9
41
14
-18
-2
27
21
4
-5
-1
17
25
0
-12
-5
6
10
3
1
1
2
11
-4
-2
-5
-2
7
9
-9
-17
-1
16
0
-12
-5
7
6
8
-13
-8
12
6
7
-13
-14
7
10
-12
-19
21
33
-12
-39
-7
32
25
-17
-41
9
42
-4
-49
-12
39
22
-25
-39
9
31
-10
-31
-12
18
9
-25
-32
-9
21
10
-24
-33
-10
22
2
-33
-29
13
31
-26
-48
7
41
-6
-41
-10
38
20
-37
-40
23
57
-19
-69
-11
69
44
-38
-63
9
77
35
-66
-59
58
83
-20
-76
-15
72
60
-38
-79
7
94
27
-78
-59
63
84
-17
-95
-28
79
76
-47
-97
-5
94
57
-77
-78
43
111
11
-101
-52
82
108
-31
-120
-2
135
70
-83
-97
52
130
17
-103
-49
97
108
-44
-110
8
131
61
-84
-90
53
122
10
-112
-53
85
83
-30
-92
-3
89
30
-56
-52
39
68
-8
-75
-27
61
67
-43
-91
-2
98
45
-85
-75
37
100
-11
-91
-31
68
66
-43
-92
10
94
26
-80
-45
43
61
-8
-90
-16
82
56
-61
-86
20
98
20
-90
-62
65
79
-38
-96
-11
97
32
-89
-85
57
95
-36
-120
-19
101
51
-97
-95
47
103
-17
-112
-46
62
74
-27
-86
-42
70
63
-41
-78
-2
71
29
-62
-59
40
72
-13
-88
-20
96
69
-60
-97
23
113
49
-86
-88
55
118
-4
-110
-39
93
85
-46
-101
2
109
53
-93
-95
56
120
0
-129
-51
106
94
-62
-118
24
137
38
-126
-83
96
133
-42
-141
0
133
79
-87
-99
51
127
42
-101
-74
84
119
-5
-117
-36
111
95
-46
-110
9
126
52
-86
-84
54
120
-2
-110
-51
80
95
-33
-113
-21
109
79
-75
-107
30
124
21
-125
-79
91
108
-52
-123
0
122
55
-108
-101
68
115
-7
-118
-55
100
94
-68
-124
14
130
28
-111
-63
71
94
-31
-119
-1
115
41
-107
-77
70
101
-16
-126
-48
103
88
-73
-122
7
119
27
-114
-84
60
106
-25
-128
-55
98
83
-78
-126
12
126
31
-133
-91
83
125
-34
-147
-40
132
88
-92
-136
33
141
30
-126
-84
91
128
-25
-131
-45
114
102
-65
-129
14
127
51
-99
-92
62
128
-13
-128
-33
106
94
-67
-124
21
126
30
-125
-74
94
117
-28
-141
-17
130
73
-93
-115
59
154
8
-144
-67
120
127
-50
-129
-10
140
95
-94
-117
50
148
27
-123
-59
99
110
-29
-112
-15
117
83
-57
-113
13
134
44
-87
-83
41
110
13
-107
-50
89
91
-50
-104
4
97
35
-76
-77
47
91
-15
-97
-41
74
69
-49
-87
0
89
23
-73
-55
56
62
-26
-79
-8
64
44
-46
-68
21
77
-3
-87
-23
84
54
-54
-87
22
82
10
-72
-44
35
57
-13
-74
-27
48
45
-39
-77
0
56
24
-61
-73
25
73
-14
-90
-36
59
37
-54
-65
18
77
6
-86
-52
59
86
-32
-92
-21
80
69
-55
-99
13
107
28
-83
-54
56
81
-17
-74
-28
81
65
-47
-90
16
91
35
-86
-70
63
110
-21
-110
-35
90
82
-54
-100
4
104
41
-84
-71
57
94
-3
-99
-36
101
92
-60
-118
1
128
77
-85
-107
43
146
33
-109
-67
88
122
-21
-118
-20
119
89
-67
-110
47
134
17
-109
-36
98
76
-54
-89
21
90
20
-78
-52
57
74
-16
-80
-9
64
41
-56
-55
24
53
-2
-32
-35
19
34
-9
-43
-14
36
18
-26
-40
0
41
24
-43
-49
21
48
9
-35
-34
18
42
6
-40
-18
26
32
-24
-33
14
24
-3
-26
1
10
6
-15
-24
12
28
-8
-54
-27
30
30
-41
-53
9
40
1
-51
-44
15
24
-13
-31
-14
26
3
-25
-34
11
44
-10
-55
-18
44
42
-25
-48
-10
37
27
-22
-16
9
31
6
-37
-14
41
42
-13
-45
-6
39
24
-34
-25
20
34
15
-15
-26
-5
36
25
-27
-42
9
48
10
-50
-27
35
43
-2
-36
-21
39
46
-13
-47
1
50
30
-33
-41
25
76
17
-68
-28
67
68
-32
-63
9
84
50
-47
-67
31
92
33
-64
-46
40
73
8
-56
-30
33
54
-7
-51
-12
49
34
-35
-43
26
64
-2
-76
-38
60
59
-35
-72
-13
69
30
-46
-49
12
39
2
-36
-18
33
17
-29
-29
5
26
-3
-19
-5
18
7
-3
-26
1
21
13
-17
-14
3
12
11
-7
-25
-1
22
4
-24
-16
0
12
-20
-28
-2
23
2
-42
-27
19
9
-27
-36
7
29
-11
-46
-26
25
27
-20
-43
-6
22
19
-10
-28
-4
24
2
-22
-21
11
25
1
-24
-3
31
12
-25
-15
31
30
-19
-30
16
32
7
-24
-16
18
21
-8
-16
4
23
19
-20
-31
9
27
11
-19
-13
4
21
21
-20
-31
25
46
-3
-45
-13
39
46
-12
-49
-12
67
42
-32
-42
22
54
22
-36
-27
33
64
9
-40
-37
36
67
14
-57
-32
53
70
-11
-65
-8
66
59
-40
-78
17
86
30
-70
-58
63
83
-27
-93
-22
83
53
-66
-81
27
81
5
-77
-41
49
52
-26
-63
-2
51
28
-37
-39
6
41
9
-39
-33
40
41
-24
-63
-13
57
47
-30
-66
2
64
20
-54
-42
36
53
-2
-67
-29
40
41
-26
-64
-14
50
7
-50
-47
26
45
-27
-75
-13
59
24
-63
-67
30
70
-14
-92
-24
75
39
-68
-52
38
57
-24
-60
0
54
16
-50
-38
33
53
-2
-45
-35
39
52
-9
-43
-2
50
21
-32
-41
21
48
3
-51
-10
51
40
-39
-50
13
50
9
-47
-31
38
53
-7
-62
-17
56
55
-25
-65
1
73
29
-49
-49
38
59
6
-46
-12
54
48
-25
-42
10
51
34
-16
-43
9
74
32
-55
-49
46
87
-5
-83
-18
84
71
-51
-79
25
82
6
-58
-25
37
41
-8
-29
-8
24
7
-18
-20
2
16
-3
-16
-15
-1
16
9
-16
-34
-2
37
9
-43
-30
31
31
-7
-43
-9
44
15
-44
-30
39
39
-18
-42
-6
48
22
-42
-37
18
31
-1
-28
-11
-5
25
4
-44
-27
24
16
-25
-40
2
24
-13
-39
-26
22
19
-36
-37
15
32
-9
-55
-23
38
40
-31
-58
9
64
10
-51
-39
19
53
5
-59
-32
35
46
-15
-39
-3
42
23
-24
-28
19
28
1
-13
-16
23
27
-11
-34
-1
42
32
-30
-65
22
72
4
-62
-34
58
58
-39
-52
18
61
17
-50
-41
31
68
7
-68
-43
61
80
-23
-79
-7
76
62
-29
-51
9
64
22
-36
-18
30
48
-6
-38
1
49
35
-30
-39
37
68
0
-62
-20
59
60
-29
-66
2
65
30
-50
-48
32
64
-5
-53
-29
39
43
-25
-66
-11
55
28
-37
-64
5
69
17
-65
-57
45
63
-8
-70
-19
55
32
-38
-58
13
65
26
-58
-48
33
56
-15
-49
-20
32
24
-19
-28
-3
19
-2
-17
0
1
-15
-19
-7
-6
-10
-5
-10
-9
-9
-4
-7
-5
-8
-13
-3
9
-16
-20
-2
19
-4
-12
-17
-1
24
0
-27
-21
14
27
-11
-30
-7
21
16
-6
-24
-3
15
18
-1
-5
6
12
-12
-20
17
32
-7
-35
2
39
10
-38
-24
51
37
-39
-50
13
54
15
-43
-14
36
19
-29
-8
24
20
-9
-12
-2
12
4
6
5
-3
-1
18
20
11
-6
-12
26
25
-7
-15
16
36
16
-20
-2
33
28
-6
-18
11
39
11
-24
-11
34
23
-31
-34
26
60
-1
-64
-26
58
52
-33
-64
2
52
27
-34
-51
1
44
10
-40
-39
31
45
-15
-58
-3
60
12
-57
-42
44
48
-21
-59
2
60
13
-30
-24
7
24
0
-22
-14
15
16
-10
-17
-8
12
9
-18
-27
-3
20
6
-34
-34
5
31
2
-49
-46
13
48
-5
-60
-35
30
41
-18
-64
-10
44
4
-45
-30
28
31
-9
-29
-7
9
5
-3
-6
7
-4
-1
-4
5
19
2
-12
-12
10
30
2
-27
-12
37
22
-35
-21
32
37
-23
-48
14
53
12
-34
-41
16
51
0
-41
-9
38
20
-20
-26
19
29
1
-22
-5
11
16
4
-17
-15
22
32
5
-21
-17
35
53
-7
-48
5
65
47
-40
-53
32
82
8
-55
-23
55
67
-6
-57
-15
58
52
-24
-49
4
54
24
-30
-42
2
45
21
-41
-29
17
35
-19
-38
-4
31
19
-30
-34
-7
27
22
-10
-41
-15
33
27
-20
-43
-3
36
29
-27
-38
6
56
8
-68
-25
60
50
-42
-68
20
60
11
-57
-36
35
42
-20
-52
-8
37
18
-41
-45
9
39
-1
-52
-40
25
49
-1
-74
-40
42
35
-37
-57
-2
50
12
-40
-41
5
36
4
-36
-22
29
22
-13
-39
3
41
8
-46
-25
36
30
-16
-40
4
39
19
-16
-24
11
22
11
-1
-21
2
24
13
-26
-7
23
14
-20
-14
16
30
-14
-43
5
37
17
-35
-17
18
27
-5
-31
-1
38
22
-39
-34
39
50
-11
-52
9
76
28
-66
-45
66
91
-13
-79
-6
87
57
-45
-62
37
87
16
-59
-31
39
61
1
-55
-9
40
33
-26
-33
10
32
20
-35
-41
25
44
-2
-52
-28
30
37
-16
-48
-19
42
40
-27
-60
-8
49
27
-43
-38
19
39
10
-40
-31
29
36
-7
-42
-25
40
45
-25
-58
5
52
1
-44
-20
32
23
-22
-30
8
32
-3
-36
-19
16
21
-31
-50
-13
37
20
-28
-42
-6
27
2
-29
-25
3
16
-2
-23
-26
-4
11
3
-9
-18
-2
10
6
-6
-15
7
0
-3
-18
-2
15
11
-15
-9
8
25
0
-21
-8
36
26
-28
-25
26
40
-10
-40
1
39
17
-17
-35
17
46
-1
-37
-15
37
34
-28
-46
-2
42
21
-34
-26
27
34
-12
-27
5
29
8
-11
-4
14
21
-7
3
21
5
6
12
17
2
1
10
31
-5
-19
23
54
8
-48
-4
68
41
-59
-49
50
73
-29
-73
-1
76
34
-56
-54
34
59
-4
-64
-34
51
55
-42
-83
1
84
31
-64
-70
30
79
-9
-68
-26
47
51
-25
-61
2
49
20
-38
-37
28
51
-14
-48
-16
47
31
-29
-53
13
46
-1
-36
-26
12
29
-4
-20
-19
-7
3
10
0
-31
-22
12
11
-32
-28
9
16
-9
-26
-11
13
7
-41
-25
22
25
-19
-39
-3
21
-2
-10
-11
-5
-1
-9
9
9
-15
-19
9
31
6
-33
-11
21
35
0
-32
-11
35
20
-7
-33
5
42
13
-26
-22
30
25
-13
-26
8
31
4
-21
-24
10
27
15
-22
-20
17
25
7
-26
-18
22
27
2
-24
-10
25
23
-2
-14
11
30
11
-18
3
26
27
1
-21
7
40
16
-12
-8
18
18
15
-2
-14
13
26
6
-7
-9
1
24
13
-25
-29
7
43
15
-40
-38
21
50
-6
-58
-12
31
23
-34
-26
10
31
-2
-21
-16
-3
8
15
-6
-21
-6
20
18
-26
-34
11
50
6
-48
-27
39
42
-26
-52
-7
43
21
-41
-45
27
45
-7
-58
-29
42
38
-29
-59
-2
46
5
-57
-32
16
32
-10
-46
-24
26
33
-27
-51
-10
28
10
-20
-34
-11
21
15
-11
-28
-9
9
21
-12
-26
8
20
5
-18
-6
14
15
-9
-9
2
14
18
0
-21
-5
22
24
-3
-31
1
31
19
-18
-17
0
18
24
-16
-22
-2
22
9
-28
-12
20
35
-6
-37
-15
29
32
-1
-28
-13
30
31
-14
-27
24
39
5
-19
-6
21
34
15
-27
-6
26
29
2
-22
18
36
12
-17
0
20
17
-3
-7
0
5
0
1
7
6
2
-6
-5
7
1
7
1
-21
2
14
-22
-19
27
17
-26
-29
18
28
-18
-39
-3
42
19
-32
-37
6
39
13
-37
-31
10
33
12
-23
-12
14
2
-12
-8
8
21
-9
-18
-12
4
15
-1
-17
-10
-5
10
-2
-22
-19
-3
16
-8
-39
-20
19
24
-11
-51
-24
42
24
-51
-43
16
30
-4
-46
-23
28
28
-24
-37
7
32
-4
-45
-17
39
44
-37
-74
21
87
23
-81
-49
67
82
-16
-78
-13
60
45
-30
-43
17
37
0
-33
-8
31
17
-18
-23
2
26
11
-19
-14
8
16
10
-18
-22
6
40
18
-31
-35
20
38
17
-37
-26
30
44
0
-29
-4
36
37
-5
-13
7
29
12
-14
2
24
26
2
4
7
3
-3
10
13
7
1
9
2
-10
-6
3
13
13
-8
-6
6
8
0
-21
2
6
-3
-5
-3
5
-5
-14
2
15
-2
-17
-10
16
17
-12
-19
-1
14
-1
-17
-16
16
11
-5
-14
-12
15
29
-18
-39
-7
41
15
-38
-27
18
30
-7
-32
-7
19
4
-14
-15
-3
1
2
-25
-27
6
14
3
-33
-31
3
29
1
-37
-31
8
24
-2
-45
-22
30
23
-22
-34
-3
22
8
-22
-14
16
9
-24
-12
26
19
-16
-23
4
33
22
-14
-24
8
32
22
-20
-32
14
32
14
-21
-11
8
29
2
-33
-19
31
29
-9
-35
-15
26
31
-10
-29
-4
30
24
-34
-31
39
48
-15
-50
-3
60
30
-32
-39
28
57
15
-42
-11
47
40
-13
-30
11
45
29
-8
-36
5
57
22
-36
-17
30
42
-3
-39
-16
37
32
-26
-19
11
17
-6
-10
6
23
-7
-23
-7
17
7
-25
-25
10
20
-4
-18
2
3
-4
-18
-8
20
8
-20
-21
3
15
4
-21
-26
16
33
-5
-30
-12
22
15
-6
-27
-15
18
30
-9
-37
-14
29
29
-33
-49
15
57
-1
-69
-48
41
52
-24
-77
-15
52
32
-54
-61
7
41
-1
-53
-27
19
16
-17
-36
3
33
-5
-27
-13
14
11
-9
-16
1
0
11
11
3
-13
-2
18
32
-10
-42
-1
48
39
-44
-37
36
68
-6
-69
-25
44
59
-7
-63
-14
47
38
-27
-52
2
44
9
-26
-8
15
10
-3
-3
4
4
5
5
-7
5
18
13
-9
-10
11
19
18
5
-18
11
36
23
-17
-19
27
40
2
-33
0
28
38
-3
-22
3
29
7
-11
-1
10
3
-11
-7
20
26
-12
-27
8
25
4
-19
-19
12
9
-9
-23
-3
27
6
-30
-12
10
15
-5
-24
-6
17
11
-20
-30
13
32
-11
-31
3
23
-1
-28
-8
27
9
-33
-16
23
20
-13
-23
1
17
17
-18
-25
-4
9
11
-16
-27
-13
21
-3
-28
-8
-5
6
2
-30
-33
2
34
2
-47
-45
12
39
-4
-49
-30
35
31
-25
-50
5
42
1
-47
-26
31
51
-12
-50
-4
34
28
-20
-32
19
46
9
-43
-25
48
45
-14
-52
-6
54
28
-32
-48
13
51
5
-29
-26
26
28
-4
-34
-13
15
22
4
-14
-10
5
13
11
0
1
0
3
8
8
-10
3
32
18
-17
-10
23
26
-13
-18
19
44
9
-16
-2
19
13
6
21
3
-16
11
31
10
-18
-18
15
28
-5
-28
-5
33
21
-25
-18
17
39
-10
-43
-5
37
9
-38
-24
28
32
-11
-39
-7
31
26
-26
-43
4
30
2
-30
-24
14
29
4
-29
-28
12
34
-6
-40
-4
34
25
-29
-35
4
32
11
-22
-34
6
27
17
-25
-33
-8
22
7
-21
-25
3
22
-13
-37
-27
5
27
-9
-32
-21
-7
17
4
-42
-29
22
35
-16
-60
-19
58
48
-38
-73
1
73
32
-63
-64
28
79
12
-65
-21
47
44
-2
-50
-18
43
53
-25
-48
7
45
18
-40
-38
35
54
-14
-57
-9
54
29
-32
-49
22
53
7
-38
-22
22
28
-4
-18
7
21
3
-10
-19
11
34
9
-16
-1
21
18
1
0
4
14
15
3
1
-2
12
19
12
0
12
11
-11
-1
22
17
-2
-15
3
24
15
-18
-20
20
22
-3
-16
8
25
-15
-16
0
18
4
-18
-14
3
14
-8
-32
1
18
4
-21
-14
16
11
-11
-26
-2
13
3
-5
-7
-5
-3
-3
7
21
1
-27
-10
17
8
-15
-12
17
10
-20
-15
16
23
-25
-44
3
39
-5
-53
-25
27
33
-23
-58
-14
30
15
-36
-33
10
14
-18
-21
-9
3
-7
-21
0
13
-5
-21
-15
21
9
-30
-13
22
18
-21
-24
20
33
-9
-40
-6
45
23
-22
-34
20
49
-1
-49
-11
55
27
-38
-35
14
37
9
-29
-14
29
20
-19
-41
8
39
16
-37
-37
38
51
-11
-51
-9
53
34
-25
-36
-4
51
38
-15
-43
11
44
22
-20
-14
19
35
7
-17
5
33
30
-12
-27
15
51
19
-22
-25
20
42
15
-30
-26
22
47
-8
-50
-12
50
36
-28
-45
10
57
17
-46
-42
18
45
-4
-34
-16
8
17
-5
-22
8
22
-21
-21
11
11
-24
-17
2
19
10
-23
-22
18
22
-15
-21
20
16
-9
-18
-14
11
17
-5
-14
-11
9
6
0
-23
3
8
-6
-25
-8
7
4
-28
-19
9
10
-13
-28
-14
4
-3
-7
-17
-16
0
6
-10
-19
-2
13
5
-8
-17
8
9
-4
-21
-2
16
15
-22
-22
6
35
20
-28
-19
15
34
7
-20
-18
15
20
2
-13
5
6
-4
-16
3
24
6
-7
-9
-2
11
8
-8
-9
-7
15
15
0
-10
-4
18
19
-3
-20
-4
25
15
8
-24
-5
27
20
-4
-6
8
18
7
0
1
26
20
-7
-21
15
30
20
-7
-15
0
39
26
-16
-31
11
47
19
-28
-25
12
27
9
-26
-19
21
30
1
-40
-21
33
23
-16
-42
-13
34
21
-32
-32
11
34
0
-42
-26
35
30
-18
-33
-17
26
29
-13
-32
-9
27
28
-6
-30
-23
23
27
-6
-19
-2
5
-6
-8
6
5
-6
0
-7
-19
-7
-5
-8
-5
-10
-3
0
-18
-15
-5
-2
-13
-4
-17
-12
-7
0
-2
-9
-12
-3
3
0
-19
-2
24
27
-33
-56
18
66
4
-62
-28
59
53
-40
-57
31
58
-1
-53
-15
36
48
-12
-57
-7
56
26
-23
-42
-6
46
38
-31
-51
8
53
20
-39
-41
18
43
21
-31
-41
21
38
19
-23
-32
0
36
32
-24
-35
21
50
15
-33
-20
37
47
6
-37
-12
55
38
-20
-28
23
32
13
-6
-3
22
15
-2
-6
13
26
16
-22
-8
15
18
-6
-7
2
8
8
1
-16
-1
6
0
-1
-6
-13
-5
6
2
-13
-11
-6
13
10
-16
-9
11
13
-16
-25
6
17
2
-9
-18
-2
1
3
0
-2
-8
2
13
6
-24
-14
25
20
-16
-21
2
18
11
-25
-40
14
32
-25
-50
-6
31
7
-42
-47
13
37
0
-53
-31
19
36
-21
-50
-18
25
25
-26
-41
-3
47
14
-46
-33
22
33
-9
-23
-6
8
14
-4
-10
-4
14
22
-2
-18
-1
18
14
6
-14
-15
14
30
9
-26
-21
18
27
9
-30
-20
25
33
-7
-34
-11
34
20
-28
-32
23
41
3
-38
-14
35
32
-7
-35
-3
34
16
-21
-12
31
30
1
-24
-4
24
25
6
-13
-2
39
21
-2
-24
6
39
24
-22
-18
31
27
-5
-10
-12
18
26
-10
-34
7
38
7
-24
-20
9
33
-6
-30
-3
16
2
-18
-2
3
-5
-11
4
-1
-9
-5
-8
15
3
-17
-23
-5
20
12
-22
-8
16
16
-14
-22
10
29
-17
-32
19
31
-8
-23
-10
12
11
-3
-11
-9
-4
-9
-3
3
-10
-18
-8
-12
-8
1
-8
-10
-2
-14
-22
4
10
-16
-37
7
29
-3
-52
-25
40
26
-22
-39
0
37
14
-26
-12
-6
4
6
-2
2
3
-4
6
1
-14
12
15
4
-20
-1
13
18
3
-11
-15
15
24
-4
-23
-7
29
19
-16
-29
12
27
-6
-20
4
23
6
-20
-19
19
28
0
-21
2
15
9
-5
-5
9
20
7
2
-3
-2
14
37
1
-20
-15
34
46
-5
-30
3
42
38
-10
-23
-2
45
32
-24
-25
26
39
-3
-33
-12
43
33
-15
-45
4
41
21
-26
-36
1
34
11
-34
-25
12
10
-4
-16
-4
20
2
-15
-5
1
-6
0
18
-4
-22
-13
12
26
-11
-27
-3
28
12
-24
-26
19
26
-5
-30
-7
34
18
-35
-35
20
37
-18
-55
-3
46
1
-46
-33
20
22
-20
-38
-9
8
-5
-8
-9
-16
-11
2
11
-7
-29
-15
18
22
-13
-41
-11
37
28
-38
-50
25
49
-8
-53
-2
46
24
-31
-38
14
41
19
-29
-37
26
41
5
-43
-22
35
41
2
-48
-35
35
62
-6
-45
-1
27
11
0
-34
-19
33
31
-2
-39
-12
40
31
-25
-38
12
48
24
-37
-40
26
55
2
-49
-8
45
49
-13
-34
15
49
10
-29
-20
32
49
-1
-31
6
44
17
-20
-3
29
5
-1
-1
2
6
6
-2
6
-8
-8
2
22
-2
-23
-13
18
21
-10
-43
-4
30
17
-39
-34
18
44
-4
-46
-22
32
41
-19
-61
-13
52
28
-44
-53
26
54
-2
-45
-21
35
33
-11
-45
-5
38
23
-34
-48
7
50
8
-52
-39
20
42
1
-50
-37
6
22
-5
-27
-18
2
6
-12
-15
-7
-13
-13
10
9
-25
-20
1
22
1
-19
-15
9
4
-14
-20
2
25
12
-30
-26
15
40
-3
-38
-16
40
41
-15
-49
8
46
17
-34
-17
20
29
-3
-21
0
22
16
-21
-15
25
27
-4
-38
-17
35
34
-22
-29
10
27
17
-23
-29
6
35
26
-26
-34
11
43
13
-37
-3
39
25
-2
-14
-12
31
42
-9
-32
11
45
27
-19
-29
28
49
11
-25
-21
21
50
10
-31
-37
28
48
-1
-40
-20
30
31
-15
-27
5
5
4
-9
-10
9
16
-3
-26
-24
15
33
-11
-35
-20
25
39
-8
-46
-22
35
34
-15
-41
-14
40
22
-16
-22
-2
16
20
-16
-15
1
-1
6
6
-11
-17
-3
13
-2
-15
-8
3
7
-15
-28
-9
15
0
-24
-17
13
2
-33
-25
19
14
-24
-37
-12
27
10
-24
-27
-2
12
-1
-11
-1
4
-3
-5
-6
5
-11
-18
12
20
6
-25
-4
23
10
-13
-7
14
15
-4
-10
3
14
15
-8
-8
4
16
3
-19
-2
34
14
-30
-31
13
43
6
-42
-20
37
37
-26
-39
16
47
-1
-38
-5
37
26
-16
-3
7
21
8
-10
-5
19
23
3
-6
17
13
7
6
9
15
8
-4
18
27
-1
-10
12
32
-3
-16
-4
18
19
-11
-29
6
29
11
-21
-16
17
20
-18
-19
12
5
-21
-19
6
18
-3
-19
-14
8
16
-10
-15
-3
4
2
7
9
-17
-38
2
55
18
-52
-41
27
56
-5
-48
-23
35
27
-21
-28
1
26
7
-30
-13
16
14
-12
-31
-17
14
15
-18
-42
-12
30
5
-25
-31
7
12
-13
-28
-12
2
3
2
-18
-16
-7
-1
6
-9
-15
-6
15
1
-22
-11
13
18
-2
-30
-8
36
36
-28
-43
21
40
4
-14
-16
14
16
5
-19
-3
37
14
-31
-22
27
33
-13
-21
4
21
-3
-17
-8
10
7
-4
7
2
-5
-2
9
12
-5
-16
-1
26
14
-25
-22
26
40
0
-23
4
29
25
-2
-19
10
28
28
1
-12
8
21
17
1
3
16
8
-6
7
17
9
13
-5
-18
-6
7
16
16
-21
-13
17
22
-17
-30
-5
22
22
-18
-39
-10
32
25
-29
-40
3
54
8
-43
-36
21
50
-12
-50
-13
35
18
-28
-27
22
23
-9
-21
-6
8
7
7
-9
-21
2
17
5
-28
-15
18
11
-25
-20
5
15
2
-29
-25
8
20
1
-38
-27
19
22
-18
-42
-11
21
-3
-22
-23
-8
-1
1
11
-9
-19
-15
16
26
-22
-41
4
42
-1
-46
-13
40
36
-24
-55
17
70
8
-54
-20
48
40
-23
-45
10
45
20
-35
-26
25
28
-3
-26
-14
21
23
-11
-21
-10
16
21
4
-18
-6
19
12
-10
-13
5
20
6
-10
-9
3
27
12
-13
-11
23
33
12
-19
-11
24
35
7
-27
-6
29
31
8
-19
-2
37
22
-16
-11
19
28
-3
-21
3
28
0
-28
-2
29
4
-15
-5
14
-1
-14
5
6
-5
-10
-2
8
-5
-18
-13
24
16
-26
-29
13
29
1
-25
-22
4
30
-7
-37
-21
23
29
-8
-36
-4
17
18
-15
-13
2
2
15
5
-20
-23
17
24
-14
-29
-3
25
2
-38
-24
12
29
-12
-49
-25
32
39
-38
-68
-4
62
9
-68
-42
19
39
-4
-59
-26
21
40
-2
-52
-19
25
16
-18
-25
8
14
-5
-15
9
20
-7
-16
-1
16
12
-7
-1
12
8
-2
-3
13
0
-11
11
25
6
-36
-12
32
24
-11
-39
15
34
-9
-26
-8
29
20
-17
-18
9
24
2
-21
-1
28
2
-16
0
13
6
-8
17
34
5
-18
0
36
26
-27
-24
40
50
0
-40
-5
61
39
-29
-38
27
58
1
-45
-15
39
36
-22
-41
4
43
-1
-29
-3
17
13
-7
-20
-13
11
21
-14
-33
2
22
9
-18
-15
4
21
-7
-26
-6
28
12
-18
-34
6
20
5
-23
-21
13
24
-7
-21
-13
7
16
-4
-15
1
0
4
3
-15
-22
6
22
-3
-20
-15
0
3
-1
-17
-23
-2
22
-4
-28
-27
3
25
-1
-39
-35
11
22
-5
-36
-22
14
22
0
-42
-23
27
17
-10
-22
-7
8
12
-7
-18
-1
22
15
-12
-15
4
26
8
-26
-13
31
27
-15
-27
-7
34
31
-14
-34
3
31
6
-25
-10
13
18
-2
-23
-13
10
20
2
-19
-12
7
21
6
-1
-5
8
5
1
9
6
10
8
-8
10
24
12
-11
-5
17
28
15
-15
0
27
25
-1
-9
4
18
16
-2
-5
1
8
21
0
-5
-20
5
30
9
-24
-17
20
21
-9
-19
0
9
12
-26
-31
25
20
-11
-26
-10
23
16
-16
-30
-3
32
20
-33
-38
13
29
6
-34
-25
16
30
6
-34
-23
20
28
-13
-42
-9
43
30
-44
-55
20
59
5
-45
-42
20
34
-9
-38
-23
20
15
-22
-40
-12
18
15
-16
-42
-27
22
22
-19
-54
-10
30
11
-22
-28
-3
21
4
-19
-22
1
29
9
-40
-18
16
33
0
-27
-10
22
20
-10
-17
17
19
1
1
-8
0
12
8
-4
-6
2
10
12
-5
-17
9
13
-4
-17
-2
3
5
16
0
-20
-26
27
37
-11
-32
10
41
4
-37
-11
47
33
-22
-24
23
44
-6
-35
6
51
35
-29
-22
31
40
10
-28
-15
43
38
-11
-31
11
39
10
-20
-11
18
10
-17
-8
15
20
-7
-17
5
17
-3
-17
0
7
-6
-10
2
16
-12
-25
1
19
6
-24
-23
16
27
8
-46
-25
33
29
-26
-41
-7
43
33
-41
-51
21
60
-6
-67
-13
56
30
-47
-47
24
46
-4
-44
-21
38
32
-32
-52
-12
31
21
-30
-52
-7
37
13
-38
-48
0
31
10
-42
-48
8
38
6
-42
-45
4
37
10
-36
-29
21
27
-7
-34
-13
24
12
-13
-9
7
11
7
-1
-2
4
1
10
2
-10
-2
13
6
6
2
-14
-3
19
14
-8
-24
9
33
3
-31
-9
6
17
1
-23
-9
22
22
-9
-21
11
25
11
-21
-10
27
32
-12
-23
15
18
7
4
-2
14
16
0
2
10
6
17
22
-1
-6
7
30
10
-11
-9
10
32
-2
-22
11
28
-2
-26
-11
25
22
-8
-22
-7
20
19
-3
-23
-18
22
26
-16
-46
0
40
18
-28
-39
2
35
12
-32
-34
19
37
-13
-38
-18
14
25
9
-16
-26
9
25
3
-28
-13
12
18
-13
-10
6
11
-3
-6
-16
-3
24
5
-27
-35
3
32
4
-50
-35
16
30
-14
-46
-9
15
-3
-22
-23
-7
6
-1
-21
-31
-2
17
7
-23
-18
14
19
-16
-28
9
21
4
-21
-14
7
12
9
3
-8
-2
26
7
-10
-8
4
18
10
3
-7
-4
7
-5
-11
-1
15
9
-21
-11
16
28
-5
-25
-20
24
38
-19
-48
1
59
27
-38
-57
9
71
30
-45
-46
26
61
15
-29
-21
13
40
20
-17
-14
14
23
22
-11
-14
21
44
3
-14
-6
25
29
2
-22
-7
34
27
-19
-34
4
31
16
-20
-22
17
29
3
-30
-19
20
35
-8
-39
-11
22
9
-26
-20
12
14
-11
-19
0
11
2
-13
-18
1
3
-1
3
-7
-11
-6
18
4
-19
-16
11
35
6
-34
-14
27
30
-25
-48
13
42
2
-42
-17
11
-1
-12
-19
-9
19
-3
-22
-36
0
26
-3
-36
-23
13
-4
-19
-15
-2
-7
-18
-11
9
14
-3
-16
-7
8
1
-21
-1
27
-5
-32
2
36
6
-24
-10
23
30
-8
-26
-8
32
24
-22
-22
29
23
-3
-28
-2
23
13
-19
-18
19
30
-2
-35
-3
24
6
-6
-10
3
10
13
2
-8
3
2
0
17
0
-14
-5
22
23
2
-14
0
33
19
-22
-12
26
39
4
-21
4
27
24
-4
-4
10
22
9
-19
2
18
14
6
-4
-12
0
31
12
-20
-16
20
28
1
-28
-23
15
39
-9
-53
-15
34
23
-17
-43
-10
37
14
-38
-28
18
29
-15
-35
-4
22
10
-36
-27
17
40
-7
-46
-5
40
24
-30
-33
5
37
10
-22
-27
7
16
3
-9
-19
-1
16
-5
-30
-24
9
15
-6
-39
-17
0
1
-2
-9
-25
-12
8
6
-22
-34
-22
17
23
-16
-33
-3
27
5
-21
-24
0
25
11
-24
-16
1
20
16
-13
-12
12
22
0
-15
2
23
7
-12
-15
4
26
8
-13
-20
-9
28
22
-14
-22
0
26
22
-18
-34
8
44
17
-46
-24
25
41
-4
-25
-6
23
26
-10
-31
1
48
18
-34
-25
27
53
14
-30
-18
41
45
-18
-31
20
41
17
-20
-12
18
34
5
-23
2
35
20
-20
-4
23
7
-9
-14
1
24
12
-6
-9
-8
-2
19
13
-20
-26
-6
27
8
-39
-22
29
41
-8
-63
-19
39
21
-19
-27
5
13
-4
-10
0
2
0
-11
-8
8
25
-5
-28
-11
14
26
-4
-23
-6
11
3
-10
0
1
-8
5
-3
-10
-17
-7
0
6
-11
-26
-11
10
-13
-24
-4
10
-1
-28
-31
0
29
-8
-45
-21
24
24
-19
-41
-12
39
14
-31
-32
24
40
-16
-37
-8
39
22
-1
-28
-8
25
7
9
-4
-2
8
2
-5
0
-8
14
14
-7
-9
-5
12
26
-9
-20
6
24
1
-13
-4
6
6
8
-4
-4
-3
14
15
-3
-7
6
12
1
-10
12
19
7
-1
-5
14
23
4
-16
1
27
24
3
-8
-8
28
20
-2
-4
11
17
5
3
1
-8
6
36
15
-40
-30
45
59
-28
-60
8
58
10
-39
-45
9
44
-3
-37
-18
22
20
-12
-30
-12
27
14
-16
-28
-7
11
4
-9
-6
-9
-7
14
12
-16
-17
12
33
-4
-38
-15
41
27
-27
-41
9
33
-10
-36
6
33
-7
-46
-19
24
23
-23
-51
-11
33
11
-42
-36
11
40
-9
-52
-33
20
26
-13
-48
-23
31
24
-25
-30
2
19
8
-15
-20
-4
21
4
-16
-14
1
9
-2
-6
4
1
5
3
-3
14
7
-10
-2
16
5
-1
2
2
-6
-9
21
20
-6
-26
5
24
7
-26
-16
23
21
-10
-12
3
14
1
-1
1
-5
7
15
-2
-8
-8
23
26
3
-29
-7
38
36
-11
-42
5
67
24
-34
-25
35
51
-8
-18
4
29
26
-8
-13
12
33
14
-15
-22
19
17
3
-4
0
6
5
4
-3
-16
-12
15
19
-27
-29
6
32
1
-30
-19
5
36
3
-41
-24
21
14
-8
-31
-12
19
23
-9
-25
-5
21
8
-23
-5
12
9
-6
-12
11
4
-2
-2
2
-6
-9
0
10
-2
-17
-8
9
4
-12
-36
-16
21
13
-29
-44
-3
37
1
-37
-41
4
28
-2
-32
-25
11
17
-3
-26
-14
20
13
-7
-28
-15
21
26
-24
-25
5
25
18
-18
-25
11
37
3
-32
-9
37
24
-19
-21
9
19
0
-6
3
4
10
-11
-8
18
8
-4
-6
11
-3
-7
-1
7
2
-4
-7
21
10
-12
-14
11
22
-4
-20
-2
29
9
-23
-1
23
20
-16
-6
25
29
-3
-30
10
53
23
-26
-26
27
45
20
-19
-22
17
40
17
-16
-22
3
36
16
-21
-22
16
26
4
-10
-17
0
17
-5
-15
0
-4
2
-7
-8
3
2
-5
0
-11
-16
11
21
-19
-17
17
19
-7
-30
-18
29
24
-21
-29
10
22
-2
-13
-23
3
16
8
-10
-10
-4
1
3
-6
-9
-9
2
-3
-7
-14
-17
-4
8
-13
-18
-5
5
-6
-24
-16
17
4
-34
-43
15
36
-4
-35
-29
23
29
-19
-41
1
29
9
-29
-25
20
11
-12
-9
4
5
1
2
0
1
8
7
5
-9
-1
16
12
2
-5
-2
14
8
-9
-11
-8
23
22
-6
-21
2
12
3
3
3
-14
4
13
7
-13
-1
9
11
-6
0
17
18
-19
-21
16
42
5
-28
-8
29
24
0
-13
20
31
2
-19
6
25
26
8
3
-1
6
8
13
19
-1
-13
10
23
-9
-19
5
26
10
-33
-14
31
30
-17
-35
-9
12
12
-16
-9
4
3
3
4
-17
-20
21
12
-14
-27
0
16
14
-20
-12
5
6
3
-4
-14
4
27
4
-31
-12
24
26
-22
-45
12
43
16
-43
-30
19
32
-8
-43
-26
23
33
-13
-53
-12
33
14
-32
-44
-6
28
5
-29
-32
-4
20
-8
-31
-14
16
12
-13
-21
-17
12
22
-13
-31
2
23
18
-19
-39
-2
44
34
-34
-46
21
56
4
-42
-30
30
40
11
-41
-31
32
42
-1
-26
-13
30
20
-19
-29
9
36
16
-35
-30
22
38
8
-46
-18
38
41
-21
-38
6
37
12
-31
-23
28
39
-3
-32
2
34
21
-9
-23
20
51
10
-34
-9
36
42
-3
-27
-4
42
37
3
-29
-14
32
28
9
-17
-21
10
18
12
-10
-18
4
18
4
-7
-15
-5
24
4
-26
-23
7
17
-16
-22
-2
20
9
-19
-20
-2
21
13
-27
-26
9
20
2
-15
-9
12
17
-3
-11
-16
-7
7
4
3
-5
-13
-1
17
-4
-25
-8
19
9
-14
-17
-2
5
-12
-17
-13
6
5
-16
-34
-2
12
-2
-29
-26
10
18
-19
-34
-5
12
4
-24
-15
15
10
-7
-31
-8
23
7
-22
-18
1
16
6
-16
-20
8
27
3
-18
-5
12
19
2
-23
-6
21
18
-5
-10
-3
12
14
-11
-16
4
33
5
-31
-15
21
28
-4
-29
-13
20
19
-11
-22
6
12
3
-1
-6
-6
2
9
16
11
-4
-19
15
29
6
-16
0
29
26
-12
-19
17
45
13
-22
10
28
16
-6
-8
8
27
22
-19
-18
11
19
-3
-2
-11
-3
16
10
-1
-14
-13
10
14
-8
-29
-11
18
17
-18
-33
-1
28
10
-39
-18
29
33
-20
-46
-7
47
22
-42
-38
29
50
-18
-45
-12
29
22
-10
-30
3
14
4
-22
-3
11
0
-9
-13
-6
12
4
-16
-15
-6
-2
-8
-13
-21
-9
9
9
-15
-29
-8
11
2
-22
-26
-5
24
0
-36
-18
24
26
-35
-49
5
49
12
-50
-36
24
37
-10
-44
-5
44
23
-37
-32
15
43
6
-29
-16
26
24
4
-19
-7
17
20
1
-16
-9
11
24
5
-23
-4
11
5
-6
-10
3
19
5
-13
-26
9
39
21
-30
-33
9
42
27
-35
-42
29
56
14
-49
-25
44
58
2
-44
1
57
31
-20
-29
25
42
19
-16
-18
27
33
9
-17
-20
14
25
9
-12
-16
6
25
7
-19
-26
16
31
-18
-32
-5
29
15
-30
-29
7
30
-2
-29
-15
22
10
-15
-23
1
21
-1
-25
-20
9
27
3
-26
-31
19
37
-2
-30
-13
13
15
7
-23
-18
-2
14
16
-12
-24
-2
23
7
-29
-36
12
24
-2
-40
-19
24
9
-22
-38
-6
32
8
-44
-30
5
17
0
-33
-19
11
13
-7
-22
-14
10
7
-16
-15
-1
12
13
-10
-25
-5
16
8
3
-8
4
7
10
9
-13
-10
29
24
-12
-20
13
38
-2
-40
-9
40
25
-18
-27
4
41
15
-30
-37
13
44
6
-40
-34
27
37
-6
-29
5
23
13
-14
-17
8
26
10
-15
-1
10
27
27
-11
-40
5
63
36
-33
-33
37
54
-9
-31
13
46
22
-28
-29
26
44
9
-39
-17
30
24
-8
-20
-19
21
38
-8
-32
-15
40
31
-37
-50
13
48
15
-45
-40
15
42
13
-40
-31
18
39
7
-33
-28
1
27
14
-25
-20
7
13
-9
-22
2
20
8
-24
-15
9
31
3
-41
-26
12
37
11
-29
-35
10
27
-13
-28
-15
4
10
2
-21
-23
-1
13
-9
-36
-8
24
13
-44
-52
20
46
-8
-59
-32
27
43
-16
-57
-7
30
18
-26
-26
2
18
0
-10
-4
11
14
0
-6
-9
7
18
10
-4
-13
1
14
22
-6
-7
5
13
-3
-12
5
16
-5
-17
-2
12
13
-10
-16
4
18
3
-8
-6
11
1
-3
9
8
-2
-12
8
27
7
-22
-13
33
44
-13
-29
10
52
12
-39
-6
45
37
-21
-16
32
36
-2
-26
0
31
27
-17
-30
6
33
21
-22
-24
9
23
3
-22
-6
22
14
-18
-21
-1
12
16
-5
-23
-21
13
31
12
-43
-48
22
61
-3
-66
-29
43
48
-25
-59
-11
45
36
-34
-52
13
53
6
-61
-22
50
35
-35
-48
9
45
14
-40
-23
16
8
-14
-16
-6
-1
-6
-2
-8
-14
-7
0
-3
-4
-26
-9
6
2
-16
-26
-15
18
10
-27
-27
0
19
1
-22
0
-1
-5
-9
-13
3
20
5
-5
-33
-3
29
17
-12
-25
5
34
14
-23
-7
13
17
5
-4
-6
7
10
1
-6
-6
6
17
0
-17
-6
14
25
-8
-37
-8
39
15
-27
-19
13
40
-2
-32
-8
38
31
-26
-28
15
36
17
-7
-10
19
22
5
-11
10
22
17
-1
3
8
7
18
21
-1
-14
9
28
19
-17
-24
11
33
3
-26
-8
14
19
-4
-14
-8
11
11
1
-6
-18
2
16
-11
-19
8
17
-4
-21
-15
26
28
-17
-52
7
