#8
-302
262
448
-38
-454
-130
416
324
-250
-404
92
467
127
-383
-266
279
404
-82
-402
-78
375
270
-238
-343
98
408
97
-351
-247
252
382
-66
-398
-112
357
292
-214
-393
45
419
123
-358
-284
232
390
-70
-427
-115
375
276
-262
-390
84
431
104
-391
-276
264
388
-85
-421
-81
382
246
-276
-353
126
418
64
-370
-224
278
356
-108
-390
-43
384
223
-274
-325
143
388
39
-352
-180
277
300
-128
-348
-26
342
193
-251
-301
127
358
37
-340
-178
268
314
-130
-363
-17
367
187
-266
-285
155
382
17
-355
-147
303
314
-138
-354
8
390
193
-263
-273
171
394
27
-350
-144
328
321
-157
-358
42
411
175
-304
-282
223
404
-23
-377
-104
363
279
-212
-349
80
418
114
-326
-238
258
356
-82
-379
-59
349
219
-228
-309
99
364
78
-326
-218
253
353
-91
-399
-70
381
245
-249
-347
111
415
86
-367
-234
277
367
-101
-389
-68
375
248
-262
-345
128
408
46
-371
-202
289
321
-136
-387
-41
374
199
-303
-327
151
378
5
-376
-185
283
292
-166
-370
-12
359
155
-296
-289
151
347
1
-347
-163
261
267
-151
-329
11
330
122
-276
-241
175
310
-30
-325
-102
271
230
-156
-288
33
292
106
-237
-213
153
295
-28
-301
-101
264
215
-184
-277
71
307
62
-284
-177
214
266
-95
-304
-34
291
166
-219
-248
115
300
39
-265
-136
204
242
-72
-250
-16
264
142
-174
-176
117
241
11
-213
-72
203
190
-89
-222
7
247
126
-169
-187
99
258
44
-236
-139
184
251
-58
-257
-23
251
143
-176
-197
102
266
39
-237
-126
208
230
-98
-261
-15
267
150
-183
-220
90
280
45
-236
-132
197
223
-83
-239
-4
252
127
-173
-173
118
236
-2
-221
-92
197
208
-109
-238
10
242
99
-176
-166
99
203
5
-202
-106
146
158
-88
-194
-23
183
86
-148
-162
51
157
3
-178
-99
123
143
-89
-197
-11
186
87
-162
-181
74
209
14
-214
-128
156
181
-88
-219
-14
214
104
-164
-177
85
203
12
-191
-103
147
163
-67
-189
-21
184
97
-144
-156
66
183
7
-173
-87
146
138
-76
-177
2
169
80
-145
-132
99
171
-28
-169
-41
162
108
-104
-145
53
186
27
-159
-82
139
153
-47
-153
-2
169
100
-88
-118
63
186
43
-146
-84
135
172
-20
-164
-26
173
117
-105
-143
72
195
15
-163
-52
149
130
-67
-150
6
153
77
-100
-121
65
158
3
-152
-62
130
120
-67
-144
3
145
71
-111
-114
81
140
-14
-133
-23
113
85
-65
-103
31
125
30
-109
-58
80
104
-25
-101
-15
115
62
-87
-85
40
110
-2
-93
-45
69
62
-47
-78
6
58
8
-63
-61
6
62
2
-87
-52
39
61
-32
-99
-26
73
35
-72
-85
23
78
-3
-84
-43
48
52
-32
-66
-8
48
25
-45
-48
19
50
-1
-39
-27
24
24
0
-15
-11
1
10
6
-7
-11
-7
5
11
-9
-16
-2
25
9
-17
-21
-3
17
4
-15
-16
10
23
-10
-19
-4
21
30
-5
-26
11
38
17
-22
-23
36
49
3
-29
8
61
41
-24
-33
39
63
9
-33
12
57
36
-11
-17
21
46
29
-7
-20
20
45
23
-17
-12
18
30
18
0
-8
5
21
17
-5
-7
18
11
-5
-1
18
13
-9
-15
5
23
16
-8
-24
8
38
0
-28
2
40
14
-35
-18
39
52
-11
-60
0
65
43
-37
-46
22
65
18
-58
-31
50
51
-25
-59
-10
52
32
-48
-59
9
48
-9
-69
-27
32
18
-43
-51
4
21
-12
-44
-17
8
0
-22
-25
5
-5
-24
-14
-1
-7
-5
-2
4
-21
-30
-11
29
10
-35
-29
15
24
-2
-32
-14
33
20
-41
-34
18
47
1
-54
-25
49
34
-48
-34
28
34
-7
-46
-19
26
34
-5
-45
-18
48
36
-33
-49
13
57
18
-46
-27
35
52
-10
-65
4
76
53
-45
-65
35
98
33
-61
-41
56
94
0
-64
-21
91
89
-33
-79
19
117
34
-80
-46
92
99
-34
-97
8
107
57
-66
-88
52
116
7
-99
-54
88
104
-44
-113
-14
115
70
-90
-110
43
135
14
-117
-60
88
100
-35
-103
5
95
47
-71
-70
50
108
-2
-104
-28
100
76
-55
-95
23
105
26
-87
-61
73
89
-40
-113
-12
91
54
-63
-93
9
87
9
-108
-80
64
96
-51
-151
-25
128
63
-134
-152
52
158
-2
-172
-85
121
117
-92
-166
7
155
43
-135
-120
75
143
-8
-164
-66
127
110
-73
-147
9
135
54
-122
-98
78
127
-29
-135
-36
112
89
-65
-128
11
127
50
-107
-93
60
122
-9
-124
-60
101
103
-62
-118
4
117
38
-101
-79
77
117
-29
-114
-11
113
53
-70
-66
40
100
22
-78
-40
69
83
-2
-77
-9
98
81
-38
-82
24
109
34
-76
-44
73
91
-13
-89
-18
110
82
-51
-97
19
124
56
-83
-93
56
112
14
-95
-41
69
74
-36
-72
8
81
25
-62
-55
30
63
16
-53
-36
44
56
-12
-61
-4
70
44
-48
-56
42
70
-7
-68
-11
71
46
-38
-68
11
82
36
-74
-75
52
93
-20
-124
-38
102
72
-88
-141
15
129
14
-145
-96
90
106
-73
-155
-16
113
34
-104
-105
35
117
-5
-138
-71
93
102
-74
-147
-7
145
49
-136
-112
69
136
-7
-152
-64
126
120
-79
-163
3
156
72
-125
-127
51
147
23
-149
-87
111
130
-53
-154
-23
137
95
-101
-141
32
153
33
-137
-103
91
147
-33
-161
-28
143
86
-91
-123
45
146
19
-133
-56
100
110
-36
-116
-3
135
73
-89
-76
72
122
-1
-98
-26
108
99
-40
-88
11
114
48
-77
-56
79
100
-20
-96
0
113
62
-86
-76
66
106
-27
-110
-6
106
60
-68
-93
29
111
21
-105
-72
79
118
-29
-123
-18
126
64
-86
-97
56
127
-3
-119
-41
110
99
-59
-110
20
112
39
-80
-77
49
100
-3
-92
-33
74
55
-48
-89
3
87
29
-96
-85
38
85
-18
-114
-47
59
51
-51
-95
-22
64
33
-77
-90
23
83
-6
-101
-64
53
70
-36
-89
-28
61
45
-48
-81
8
63
16
-60
-49
28
53
-4
-56
-22
40
53
-21
-67
-10
63
24
-51
-47
36
57
-9
-59
-20
43
41
-21
-65
-14
76
43
-48
-87
4
91
39
-91
-71
61
98
-22
-105
-24
96
65
-67
-94
38
105
22
-81
-39
74
82
-9
-71
-19
85
83
-33
-73
18
111
50
-62
-74
61
106
19
-76
-32
79
80
-20
-71
4
82
47
-38
-55
20
72
19
-57
-32
44
67
-19
-66
-5
82
35
-65
-49
42
70
-20
-73
0
78
43
-70
-66
61
101
-15
-102
-17
97
64
-64
-74
44
95
-1
-87
-23
79
69
-44
-99
17
93
21
-78
-65
46
76
-28
-97
-25
55
28
-46
-68
-12
42
6
-63
-63
4
49
-11
-81
-44
49
50
-52
-96
-5
80
28
-85
-67
38
63
-18
-78
-22
58
43
-57
-76
19
75
0
-73
-34
50
57
-22
-78
-7
75
40
-70
-53
46
75
-18
-87
-19
73
53
-62
-78
14
87
26
-85
-67
55
82
-30
-87
-19
67
40
-45
-60
11
68
15
-51
-43
38
50
-6
-34
-8
25
41
12
-17
-9
27
47
26
-12
-11
32
41
11
-2
11
18
23
15
1
-8
18
46
20
-31
-7
39
39
2
-34
-8
37
24
-23
-19
29
29
0
-26
-13
22
32
3
-43
-19
34
41
-11
-34
-7
32
30
-15
-39
8
46
21
-25
-28
18
51
18
-42
-34
34
55
-9
-56
-5
54
12
-44
-35
39
29
-30
-47
6
42
-15
-50
-18
32
-7
-58
-31
38
10
-42
-54
-5
22
13
-39
-57
-1
32
-4
-53
-30
33
22
-47
-67
7
59
6
-72
-48
38
55
-17
-67
-10
55
30
-50
-68
20
77
11
-72
-54
56
73
-17
-75
-18
63
45
-50
-60
33
59
-3
-74
-33
58
63
-40
-87
-3
85
30
-70
-65
25
57
-5
-71
-18
49
34
-22
-59
8
67
30
-54
-46
49
68
1
-41
-8
43
56
17
-30
1
48
45
11
-18
12
48
27
-18
-16
34
54
3
-43
-3
59
46
-17
-44
4
56
44
-22
-45
4
52
30
-26
-46
24
61
4
-54
-28
46
44
-17
-46
1
41
22
-15
-26
7
35
14
-18
-23
25
34
5
-30
-18
27
43
-6
-39
-7
36
18
-29
-35
0
31
17
-29
-32
0
23
6
-13
-39
-22
16
2
-29
-28
-1
4
-21
-27
-14
7
-11
-44
-18
14
-3
-23
-25
-11
8
-1
-17
-35
-13
20
11
-30
-29
4
14
-14
-26
-1
18
-2
-35
-7
34
14
-41
-35
24
52
11
-52
-34
32
51
-22
-62
-1
57
21
-54
-51
32
52
-16
-64
-26
60
42
-54
-70
14
65
5
-63
-45
35
64
-25
-63
-5
69
38
-43
-52
24
76
14
-57
-22
64
78
-11
-52
4
83
66
-40
-56
41
92
33
-56
-43
54
87
-5
-70
-2
90
57
-57
-64
43
83
10
-70
-33
62
81
-21
-88
-11
87
56
-64
-74
50
90
-8
-85
-36
82
71
-30
-90
0
94
44
-69
-62
53
79
-13
-75
-20
76
54
-50
-69
20
63
13
-65
-32
56
43
-40
-56
2
46
14
-43
-41
16
37
-13
-51
-18
18
1
-28
-33
-8
9
0
-35
-36
-9
12
-10
-23
-30
-15
8
13
-34
-50
0
25
-5
-49
-20
17
26
-28
-47
-2
28
9
-34
-21
15
14
-17
-19
9
20
2
-30
7
22
-4
-38
2
29
17
-14
-16
-7
6
3
-6
-12
-7
11
1
-12
-16
5
13
2
-11
-16
-3
10
16
-11
-18
2
36
19
-32
-26
29
49
10
-38
-7
50
52
-6
-51
12
75
57
-32
-50
38
89
23
-58
-30
70
90
-19
-82
12
97
45
-68
-50
71
94
-26
-95
5
101
50
-67
-77
42
106
16
-91
-52
70
83
-20
-85
-10
73
40
-42
-52
18
57
12
-48
-29
39
55
-12
-73
-12
70
49
-41
-69
16
75
16
-58
-48
46
68
-17
-80
-14
79
40
-70
-81
31
87
-4
-105
-47
74
47
-59
-94
11
75
-2
-93
-59
43
62
-41
-106
-11
82
30
-92
-90
41
81
-23
-99
-36
61
43
-52
-70
3
63
15
-50
-45
15
42
3
-42
-25
45
22
-38
-30
28
33
-13
-44
-5
49
14
-42
-36
23
26
3
-40
-30
37
34
-43
-65
4
62
24
-62
-67
27
68
-11
-67
-21
50
54
-25
-73
-5
84
49
-48
-52
22
87
31
-51
-32
65
76
-4
-50
-2
74
63
-23
-46
19
73
25
-35
-21
36
67
10
-40
-24
46
51
9
-42
-13
39
38
-7
-35
-10
43
44
-8
-35
-17
27
38
-5
-38
-11
29
35
-17
-35
2
27
17
-17
-30
14
35
4
-35
-10
38
31
-25
-40
7
47
17
-39
-21
36
25
-27
-35
15
48
-4
-44
-22
28
24
-17
-36
-5
31
3
-43
-41
3
28
-4
-45
-40
3
23
-16
-41
-26
11
14
-27
-43
-3
5
-15
-23
-3
2
-24
-24
-3
17
5
-29
-18
6
9
-2
-18
-15
10
10
3
-10
-16
-3
23
8
-23
-31
11
33
-2
-42
-20
37
25
-41
-53
18
66
-8
-75
-41
65
55
-60
-73
16
68
9
-72
-30
51
50
-22
-49
6
56
29
-39
-40
30
80
14
-51
-12
57
56
-9
-21
24
58
23
-36
-8
51
51
6
-22
-9
43
44
-5
-26
9
43
37
-21
-35
20
62
15
-51
-33
46
57
-6
-52
-9
51
32
-27
-50
10
50
8
-38
-22
38
35
-10
-43
-7
41
29
-25
-33
12
42
0
-29
-6
40
21
-30
-13
13
9
-6
4
3
2
0
-7
4
5
-17
-4
2
-7
-17
13
5
-20
-29
1
-5
-28
-22
4
-7
-20
-24
-7
-3
-14
-25
-15
-1
-12
-22
-5
2
-24
-22
8
6
-19
-31
3
14
-16
-29
-1
10
2
-17
-9
8
4
-8
-17
8
11
-18
-14
12
17
-9
-28
0
12
0
-13
-15
-8
4
6
-5
-10
-20
-11
5
20
-1
-27
-27
16
26
-17
-40
3
44
15
-47
-26
39
58
-6
-54
-9
71
45
-45
-34
56
74
-2
-46
8
63
50
-25
-37
31
78
20
-33
-26
46
69
-8
-62
5
82
27
-53
-17
62
44
-27
-40
15
54
20
-35
-38
18
49
2
-32
-19
23
34
1
-31
-5
27
29
-23
-36
0
51
22
-34
-23
19
38
-3
-40
-8
55
37
-35
-64
9
89
27
-68
-50
34
70
1
-63
-25
51
36
-33
-45
13
42
0
-40
-40
5
28
-3
-62
-45
31
31
-42
-62
-7
34
-10
-54
-37
18
26
-22
-51
-13
22
-1
-40
-17
19
-2
-31
-22
18
14
-30
-36
2
41
-4
-54
-14
43
29
-38
-45
13
42
10
-52
-26
38
34
-35
-49
6
53
17
-42
-42
21
36
-21
-44
2
21
7
-23
-11
13
21
-6
-32
-11
26
14
-3
-10
2
20
10
6
11
10
-5
11
25
25
8
-6
21
38
9
2
0
26
30
18
2
-6
24
29
10
-8
-4
23
22
1
-13
13
25
-4
-9
3
33
18
-22
-24
23
39
-7
-26
-9
21
33
-5
-35
-9
30
36
-15
-36
-15
42
36
-21
-44
15
44
19
-33
-33
22
38
7
-27
-18
30
45
-19
-51
5
56
25
-43
-50
36
68
-27
-70
-14
64
28
-64
-45
30
34
-32
-60
-19
34
17
-54
-44
9
18
-17
-51
-35
17
22
-28
-46
-18
17
10
-30
-50
-3
30
-2
-36
-29
4
20
-13
-35
1
21
-2
-24
-17
22
11
-33
-19
23
30
-9
-36
-9
27
20
-28
-39
1
53
14
-54
-41
35
49
-29
-69
-3
73
18
-56
-58
36
72
-10
-80
-24
74
43
-46
-55
40
67
7
-56
-23
57
58
-15
-41
7
56
35
-21
-22
43
51
-3
-41
4
53
33
-11
-21
10
37
27
6
-24
-2
40
30
-15
-20
11
37
8
-11
3
18
3
-8
1
13
12
-7
-6
2
18
-1
-15
-6
18
21
-14
-20
12
28
2
-21
-2
22
14
-13
-11
27
26
-12
-28
2
42
17
-34
-24
30
39
-16
-47
5
58
28
-63
-51
36
69
-6
-69
-45
37
52
-39
-87
-21
50
21
-57
-61
13
39
-21
-79
-32
39
32
-48
-65
-3
38
-6
-62
-37
30
35
-25
-52
-16
27
15
-27
-38
10
39
-2
-42
-23
34
32
-24
-39
9
32
8
-26
-30
8
34
0
-38
-28
23
33
-5
-44
-16
36
29
-27
-46
4
29
8
-23
-16
15
15
-5
-15
7
22
2
-9
5
22
1
-23
9
37
15
-18
-2
31
26
8
-1
3
26
35
4
-21
14
50
32
-18
-22
26
62
6
-45
-8
61
53
-28
-38
15
54
20
-29
-18
30
35
-4
-33
-3
47
31
-32
-53
8
64
34
-45
-50
24
60
-7
-59
-8
49
26
-16
-30
-3
30
26
-13
-13
4
9
16
13
-5
-16
9
23
1
-19
-7
29
25
-27
-29
14
38
-12
-43
-12
31
19
-35
-62
-14
38
7
-54
-60
15
40
-24
-71
-27
19
22
-39
-53
-9
17
4
-28
-34
-23
11
14
-2
-37
-27
17
19
-14
-44
-14
33
31
-22
-56
-7
54
28
-51
-49
27
62
0
-70
-28
49
49
-33
-57
6
57
7
-56
-27
34
33
-22
-41
6
40
-3
-52
-13
43
36
-31
-48
19
49
8
-44
-24
40
36
-16
-29
12
46
24
-18
-29
27
51
7
-23
-1
48
31
-18
-9
17
42
14
-1
2
16
29
8
-25
0
46
39
-11
-25
17
44
1
-28
-3
26
24
-14
-16
13
30
15
-15
-24
11
35
-2
-32
-7
46
13
-36
-34
14
47
12
-35
-13
40
33
-31
-29
18
49
11
-38
-23
33
50
-19
-57
14
65
20
-58
-54
28
66
-5
-80
-15
58
37
-50
-70
11
53
-22
-77
-25
37
14
-54
-56
0
33
-9
-54
-42
11
16
-14
-33
-27
-10
14
-2
-27
-35
-2
30
15
-37
-45
12
33
5
-30
-26
4
38
5
-34
-23
21
25
-12
-34
-6
26
7
-17
-16
1
12
14
-6
-22
-21
13
32
5
-29
-31
22
35
-19
-44
-1
38
14
-24
-35
15
49
10
-43
-25
33
60
6
-58
-38
52
68
-11
-43
-5
63
48
-16
-38
15
59
27
-23
-9
36
33
7
-4
13
19
13
12
15
9
1
9
20
4
-5
-5
26
32
3
-26
-18
32
39
-3
-31
-15
35
17
-16
-16
16
23
-6
-17
3
21
14
-5
-11
4
24
24
-10
-23
17
36
17
-16
-27
8
47
25
-25
-32
18
52
-3
-45
-22
36
39
-25
-46
-10
44
14
-46
-48
20
38
-27
-70
-25
43
7
-59
-54
19
32
-26
-59
-21
18
0
-33
-41
6
37
-20
-58
-17
40
20
-49
-45
9
55
0
-68
-38
46
55
-29
-73
-1
60
18
-35
-31
12
45
-4
-33
-21
19
18
-9
-17
-3
7
0
-5
-12
2
8
1
-10
-2
0
10
-11
-15
-2
3
2
13
7
-10
-15
7
16
9
-6
-8
9
26
9
-9
1
22
22
2
0
15
29
19
-3
-4
29
24
8
8
17
14
12
23
24
-9
2
22
23
10
-2
-7
14
42
7
-30
9
36
15
-25
-17
22
41
-2
-41
-2
51
24
-38
-32
18
46
3
-27
-10
26
25
-16
-12
14
22
5
-7
0
17
22
-10
-13
11
15
5
-2
-7
1
2
3
6
-3
-17
-12
4
22
-17
-35
-5
18
-3
-46
-32
12
12
-30
-50
-24
23
6
-45
-43
8
21
-13
-40
-37
5
23
-5
-38
-31
7
25
-3
-45
-28
22
26
-20
-28
-3
13
3
-28
-28
31
38
-19
-46
-5
44
24
-38
-45
14
58
1
-67
-16
53
30
-43
-39
12
50
3
-58
-33
41
54
-21
-73
-18
66
44
-55
-57
39
63
-7
-71
-14
55
42
-39
-43
26
59
10
-29
-15
45
40
-3
-15
20
41
10
-8
12
39
21
1
2
20
31
11
-11
6
35
28
-13
-18
30
37
2
-12
0
26
16
-13
-3
11
12
-1
-5
4
18
2
-4
-6
-10
1
39
6
-40
-15
43
49
-25
-58
8
67
27
-49
-38
31
57
-4
-51
-17
48
42
-23
-36
14
44
8
-54
-36
36
55
-26
-75
-9
69
26
-67
-61
19
48
-19
-77
-27
39
5
-40
-34
-9
1
-17
-14
-25
-9
-4
-4
-15
-22
-6
1
-10
-15
-11
-7
-7
8
-1
-29
-23
3
23
5
-24
-18
4
11
10
-13
-23
-7
12
4
1
-4
-4
2
-3
-8
-1
13
3
-12
-12
-2
7
5
-23
-23
21
15
-23
-25
-4
27
7
-36
-29
28
40
-18
-53
3
53
16
-38
-25
30
52
13
-33
-13
40
55
-7
-42
15
61
38
-21
-32
50
64
-13
-38
17
73
28
-40
-18
54
58
-10
-47
-9
61
53
-28
-45
15
57
18
-38
-34
35
48
-7
-50
-2
44
20
-27
-15
14
23
4
-19
-5
20
28
-24
-38
28
59
0
-51
-16
47
36
-31
-32
16
28
1
-32
-3
33
24
-31
-31
6
34
6
-46
-34
28
34
-19
-46
-26
26
26
-36
-65
-13
40
2
-50
-44
14
31
-11
-54
-28
21
20
-34
-43
-17
26
22
-33
-51
-3
31
6
-44
-34
15
34
-6
-48
-18
31
21
-26
-20
1
17
-2
-16
-8
3
17
-4
-11
0
4
-5
-1
7
12
-15
-18
-7
17
4
-31
-13
22
20
-26
-39
11
40
-4
-43
-15
33
29
-22
-21
7
22
5
-17
-5
27
28
0
-21
10
40
33
-11
-8
25
48
23
-7
-12
32
52
11
-22
0
39
27
-12
-1
26
34
-6
-15
28
31
-3
-13
3
29
24
-1
-20
-9
29
24
-11
-27
-14
30
29
-29
-32
25
49
-8
-28
-18
16
35
6
-25
-11
27
21
-22
-21
22
33
-9
-27
3
30
8
-13
-21
9
19
-2
-14
-3
7
6
-24
-19
17
5
-21
-21
13
7
-33
-39
0
17
-13
-47
-36
13
34
-30
-51
-20
24
20
-42
-41
11
17
-16
-20
-18
9
5
-15
-20
-18
6
5
-10
-16
3
9
-8
-29
-6
13
25
1
-33
-24
21
44
-8
-55
-20
43
37
-34
-63
14
71
4
-71
-37
42
54
-19
-73
-20
53
33
-44
-46
19
42
-9
-46
-3
34
18
-31
-12
22
23
-2
-22
4
46
18
-15
-8
27
48
5
-23
11
45
25
-9
-12
49
54
-7
-32
13
58
40
-32
-35
37
70
1
-45
6
50
21
-27
-23
29
41
-20
-33
8
47
12
-28
-24
20
29
-1
-29
-6
21
22
-18
-24
18
26
-1
-28
-4
30
21
-30
-26
29
45
-1
-42
-15
28
32
-8
-35
5
36
5
-32
-19
13
28
-3
-24
-24
9
18
-3
-38
-31
9
19
-18
-41
-26
12
7
-18
-32
-18
0
-2
-23
-22
5
-1
-16
-30
-6
6
-13
-24
-10
6
9
-14
-24
-11
8
6
-6
-20
-13
10
13
-8
-17
-15
8
20
3
-22
-10
0
7
9
-8
-13
-8
7
12
-4
-22
-19
29
16
-33
-45
14
42
-5
-52
-28
31
47
-20
-53
-15
47
40
-33
-46
12
47
20
-19
-26
13
47
13
-19
-1
41
51
11
-32
11
58
36
-9
-15
20
32
33
-6
-14
18
36
14
0
0
15
29
0
-7
0
11
24
8
-14
9
5
-14
4
22
19
-15
-14
5
29
-10
-27
11
37
3
-37
-15
37
28
-16
-38
4
54
26
-40
-45
28
67
-6
-56
-15
52
46
-28
-46
9
48
11
-41
-22
14
33
-2
-38
-26
15
34
-20
-46
-21
21
3
-24
-36
-6
14
-10
-49
-20
15
-1
-41
-26
4
7
-17
-28
-13
-10
3
-5
-18
-17
-6
3
-19
-22
5
13
-9
-19
-6
13
5
-31
-34
15
49
2
-65
-25
52
43
-35
-62
6
51
17
-43
-38
14
33
4
-32
-35
6
33
-1
-30
-12
16
1
-25
-11
7
16
-15
-11
12
4
-13
-8
16
23
-2
-14
3
28
28
-7
-16
28
47
14
-15
4
41
42
1
-21
26
56
20
-27
-13
45
48
-1
-26
17
41
16
-21
-8
37
34
-16
-27
2
38
30
-19
-35
5
42
26
-20
-46
-5
43
24
-25
-35
20
31
6
-16
-15
10
24
4
-18
-1
17
16
-5
-9
5
14
0
-4
10
2
2
6
8
-1
-4
-7
3
21
-8
-44
-8
40
13
-41
-38
4
31
-6
-45
-32
-1
26
3
-50
-52
9
33
-9
-68
-39
38
38
-42
-65
-16
43
9
-57
-47
27
25
-34
-41
7
24
-10
-39
-19
22
22
-14
-35
-16
10
30
-10
-30
-7
18
17
-13
-27
5
25
1
-27
-3
2
-7
1
10
-9
-18
-3
3
6
-4
-13
-13
5
0
-10
4
-6
-1
15
5
-3
-9
12
10
10
7
-2
7
27
20
-3
5
22
39
15
-9
4
39
34
0
-19
23
55
14
-19
-5
29
44
11
-29
-9
37
39
-7
-27
10
33
16
-7
-6
8
10
4
0
4
6
8
-4
5
6
7
-5
-14
-4
12
-7
-7
22
18
-16
-26
15
36
10
-37
-13
27
29
-3
-28
-2
29
25
-12
-22
-4
30
21
-15
-37
3
38
10
-42
-34
16
33
-18
-40
-16
19
10
-23
-37
-20
8
11
-18
-50
-17
14
-5
-27
-25
-1
3
-17
-30
-7
10
-16
-33
-19
15
-6
-25
-8
8
-15
-20
2
15
-8
-36
-14
20
26
-12
-40
-14
39
34
-27
-51
-7
56
26
-59
-42
32
64
-20
-77
-16
71
39
-57
-67
8
69
14
-65
-47
43
49
-23
-46
4
41
7
-34
-10
31
28
-6
-28
8
41
23
-11
-11
24
37
19
-17
1
28
44
13
-18
15
43
31
-20
-12
31
45
-3
-19
4
33
33
-6
-28
8
33
14
-25
-16
34
37
-24
-39
19
51
9
-46
-12
34
25
-18
-21
4
25
12
-30
-11
31
21
-7
-43
-2
50
32
-35
-42
28
49
6
-43
-14
39
35
-28
-28
16
38
-15
-29
4
36
5
-36
-34
13
36
-10
-47
-16
22
6
-25
-41
-12
16
6
-48
-47
5
20
-13
-40
-26
2
13
-22
-47
-22
7
3
-18
-24
-7
0
-5
-26
-19
10
10
-10
-24
-11
10
1
-7
-12
7
-9
3
11
-3
-18
0
11
0
-11
-10
12
8
-11
-14
-3
9
-2
-16
2
6
-5
-25
4
17
-11
-18
6
15
-1
-27
-6
28
6
-15
-20
20
40
9
-40
0
46
49
-6
-30
18
62
26
-33
-18
55
53
-9
-30
25
65
20
-30
-13
40
48
-4
-28
7
36
22
-7
-9
16
24
-1
-15
10
31
8
-26
-16
26
37
1
-34
-12
33
28
-10
-36
-4
37
18
-15
-13
14
19
-1
-5
3
13
1
-1
-2
7
17
0
-27
2
40
14
-22
-18
16
29
-8
-30
-2
30
10
-29
-26
15
28
-22
-28
-6
8
-6
-22
-22
-19
-9
-8
-2
-19
-21
-17
-15
-7
-17
-12
-11
-20
-15
-6
0
-20
-27
-10
14
-6
-24
-19
-2
4
-11
-22
4
12
3
-19
-17
14
12
-4
-21
-10
22
17
-28
-39
13
48
-5
-50
-24
39
36
-12
-60
-14
46
23
-42
-33
1
27
24
-28
-41
6
30
14
-29
-27
8
45
8
-39
-17
37
35
-6
-30
3
41
32
-2
-17
8
49
36
-3
-7
12
30
23
-5
8
24
13
-5
6
25
20
-1
7
18
12
-2
-2
19
18
0
-6
12
24
3
-19
-4
30
26
-13
-31
5
50
22
-53
-43
35
66
0
-74
-24
65
47
-32
-62
7
65
17
-45
-23
37
46
-12
-32
-11
29
20
-3
-18
8
23
1
-33
-9
15
19
-5
-29
-14
13
3
-24
-24
-3
-6
-12
-7
-2
-19
-39
-16
12
-14
-31
-22
-17
-6
-11
-17
-20
-8
3
-2
-17
-22
-20
-2
8
-7
-23
-10
10
7
-16
-13
8
1
-11
-14
13
17
-5
-22
-5
15
22
-8
-36
-18
38
34
-20
-51
-4
39
22
-47
-35
28
38
-27
-50
15
40
-8
-46
-14
35
24
-16
-40
8
44
7
-35
-18
42
45
-18
-50
2
55
41
-20
-26
31
44
12
-21
-1
39
28
-1
-17
21
48
26
-11
-23
20
46
27
-24
-23
28
48
11
-32
-23
33
53
3
-37
-4
47
22
-16
-20
8
39
13
-29
-29
29
41
-19
-33
9
29
6
-13
-16
7
24
6
-17
5
18
13
-14
5
11
1
-9
12
33
2
-46
-4
47
26
-38
-52
29
65
-3
-73
-41
42
68
-22
-93
-37
57
47
-56
-97
-14
62
11
-74
-53
17
37
-40
-61
-18
20
13
-19
-51
-11
16
-4
-26
-37
-16
19
24
-29
-34
3
14
-6
-8
-2
1
-1
6
-2
-10
0
3
0
-11
-2
6
-4
-4
3
-2
-3
-4
-5
-5
4
-6
-7
-8
11
-2
-6
-2
-7
-2
0
4
-2
-8
-12
-2
17
11
-14
-6
13
15
3
-8
-4
17
24
6
-15
2
32
31
-2
-15
18
35
25
-8
-13
39
44
-11
-23
27
46
16
-36
-1
62
26
-24
-24
42
44
1
-38
-11
47
59
-10
-60
-10
57
45
-33
-49
13
58
18
-55
-35
49
56
-19
-60
-10
57
35
-32
-48
12
63
15
-47
-33
36
58
-3
-61
-18
44
49
-7
-40
-4
22
15
-19
-15
1
12
-1
-14
-19
-9
-2
-10
-2
-2
-30
-31
-3
8
-11
-38
-30
-9
6
-6
-32
-43
-3
33
3
-64
-36
25
33
-31
-62
-8
40
13
-47
-45
25
41
-14
-53
-21
37
42
-25
-65
-7
70
39
-58
-63
24
80
-1
-67
-42
54
63
-33
-72
12
55
2
-44
-22
24
14
-8
-31
-4
28
0
-34
-8
26
16
-23
-29
2
35
7
-26
4
19
-8
-16
28
52
3
-48
-7
60
46
-17
-32
16
58
18
-15
-4
12
39
42
-5
-20
12
41
25
-5
-16
13
38
20
-9
-13
17
35
18
-15
-17
11
49
8
-39
-12
49
39
-26
-41
4
49
7
-51
-12
44
31
-34
-40
31
55
-14
-57
7
57
10
-43
-18
45
48
-32
-63
11
69
23
-52
-33
32
43
-7
-44
-19
27
26
-14
-40
-12
24
12
-34
-33
0
6
-3
-30
-37
-2
11
-12
-36
-38
8
19
-27
-52
-21
26
13
-35
-45
2
19
-4
-26
-21
7
15
-7
-35
-11
12
18
-15
-30
-5
24
5
-26
-16
19
10
-9
-18
8
4
-10
-22
20
32
-34
-45
22
47
-23
-66
-6
71
31
-71
-71
48
78
-19
-85
-23
65
38
-43
-63
12
72
25
-57
-42
40
54
-8
-41
-1
45
25
-19
-17
21
29
27
3
-14
13
35
37
-8
-16
26
39
14
-16
2
23
24
16
-10
4
38
25
-1
-16
8
25
11
1
0
-3
13
21
8
-5
-14
4
9
9
8
-6
-9
0
20
1
-25
-11
34
23
-16
-29
7
48
15
-43
-37
41
55
-16
-53
-8
50
32
-32
-39
10
47
3
-36
-22
18
26
-17
-38
-14
30
17
-47
-44
19
19
-33
-44
-5
27
-2
-60
-47
26
25
-39
-52
-8
20
-3
-32
-31
14
15
-22
-31
-6
10
3
-19
-22
6
16
-8
-24
-12
15
11
-18
-26
8
24
2
-23
-16
10
4
-7
-9
2
17
-1
-25
-9
14
7
-20
-8
6
12
-14
-32
2
26
-1
-32
-6
17
12
-18
-18
15
14
-23
-24
18
39
13
-34
-23
34
44
-2
-25
-6
41
45
10
-20
0
38
38
12
-25
-2
40
59
-2
-30
9
42
32
-8
-7
21
37
16
-20
-12
37
45
-1
-39
7
52
14
-42
-32
48
48
-19
-54
9
55
21
-40
-33
26
37
-16
-32
6
35
8
-21
-5
14
11
-7
-9
6
32
11
-28
-17
23
19
-6
-13
16
21
-5
-24
-14
21
12
-19
-27
7
23
-3
-37
-29
2
14
-18
-30
-19
6
8
-29
-49
-13
35
-1
-54
-48
14
36
-12
-64
-28
35
21
-36
-50
4
46
12
-50
-45
22
43
-7
-55
-32
37
44
-22
-68
-2
64
25
-59
-47
37
59
-24
-64
2
62
15
-60
-45
35
38
-12
-48
-21
27
14
-29
-26
10
16
8
-30
-25
8
11
-13
-19
5
4
6
3
-2
-1
1
11
10
-2
-10
9
23
19
-3
-3
23
22
12
7
10
4
11
32
27
-7
-11
22
39
12
-29
-4
44
39
-23
-25
15
36
11
-10
-14
13
36
0
-29
-10
25
22
-16
-19
-8
25
22
-18
-38
11
41
-4
-48
-1
42
25
-15
-33
5
34
6
-12
-3
6
8
3
-4
-4
17
22
-21
-21
27
31
-23
-44
7
33
18
-44
-42
3
43
-1
-52
-39
12
25
-15
-46
-29
16
11
-29
-40
-13
7
3
-36
-34
-2
13
-14
-29
-15
6
-6
-14
-5
-14
-15
-7
4
3
-21
-19
13
7
-25
-26
12
21
3
-15
-21
-5
4
20
3
-25
-25
8
36
-2
-45
-26
28
33
-23
-46
-10
47
16
-46
-36
13
33
0
-36
-24
28
25
-28
-40
16
48
-1
-50
-13
51
23
-25
-20
16
36
9
-10
4
39
25
-14
3
40
31
-9
-15
31
50
21
-23
-15
31
43
20
-25
-15
38
52
-11
-35
1
51
22
-20
-21
15
32
4
-27
1
22
1
-8
12
8
-13
-7
7
7
0
3
2
-1
-4
10
9
1
-10
16
28
-12
-31
16
37
2
-13
-1
14
6
-12
-11
18
19
-1
-31
-6
39
14
-39
-36
11
33
0
-38
-41
4
27
-15
-42
-30
2
21
-12
-59
-28
28
12
-39
-45
-7
29
5
-54
-39
14
28
-18
-48
-21
35
9
-42
-36
17
33
-18
-41
-13
30
23
-34
-47
15
48
-6
-46
-15
26
23
-25
-23
14
19
-16
-24
3
32
-5
-41
-16
33
35
-24
-67
2
59
24
-62
-50
40
60
-33
-59
5
46
16
-38
-28
31
43
-8
-35
-5
43
36
-11
-17
14
29
38
7
-22
5
47
41
-6
-15
29
56
7
-29
-4
48
49
3
-39
3
62
31
-35
-24
33
48
-2
-29
2
32
28
-19
-21
13
28
-4
-15
0
28
4
-25
-15
28
22
-14
-12
11
19
5
-25
-5
29
17
-5
-16
0
26
17
-23
-21
29
28
-14
-32
12
42
5
-35
-26
25
26
-24
-29
-9
15
5
-20
-26
-7
-2
-6
-19
-29
-3
21
-14
-49
-34
22
24
-41
-55
-3
28
-4
-35
-26
5
15
-7
-39
-31
17
24
-32
-58
-2
50
12
-50
-49
18
52
-9
-55
-13
41
22
-33
-27
15
32
-8
-33
-1
30
0
-35
-6
21
26
-15
-36
1
23
13
-20
-26
10
20
-6
-24
-15
27
12
-21
-25
20
29
-6
-30
0
29
12
-3
1
15
18
0
-3
28
39
-4
-18
17
56
23
-12
-11
28
51
8
-25
-2
46
41
-11
-26
19
49
15
-31
-6
36
30
-21
-23
11
37
5
-20
-21
16
44
19
-45
-43
15
57
19
-47
-35
32
48
-1
-51
-22
51
51
-22
-50
1
47
38
-24
-47
10
66
16
-40
-38
32
41
2
-20
-19
21
20
-17
-32
-3
15
11
-16
-9
6
-4
-18
-22
3
-1
-20
-24
-6
-3
-32
-18
7
-6
-16
-24
-21
-6
10
-15
-26
-18
7
-2
-27
-19
6
2
-16
-28
-4
14
-1
-29
-19
12
18
-14
-35
-10
20
16
-15
-32
-6
26
10
-19
-28
10
35
-8
-46
-17
43
23
-26
-42
8
40
10
-40
-34
10
33
-12
-42
-8
39
21
-47
-37
33
46
-18
-45
13
57
12
-41
-19
45
50
-13
-37
26
56
28
-13
-7
24
41
20
-19
-12
44
44
-3
-18
0
34
34
-3
-14
12
20
0
-5
12
15
-1
-19
10
40
11
-35
-24
35
44
-10
-45
-1
41
19
-36
-15
25
41
-17
-33
1
30
21
-15
-33
-2
53
30
-43
-55
29
77
9
-70
-30
53
46
-24
-44
9
51
17
-43
-41
27
48
7
-52
-32
32
32
-24
-53
-14
33
4
-43
-33
11
19
-26
-42
-11
9
0
-26
-39
-12
26
3
-46
-36
4
15
-23
-36
-22
14
12
-17
-29
-4
14
-6
-28
-10
22
0
-34
-18
26
16
-30
-12
16
29
-4
-36
-8
35
19
-30
-38
6
42
-5
-46
-3
35
23
-40
-48
23
56
-8
-66
-25
47
34
-44
-50
7
49
12
-43
-32
34
46
-16
-35
7
37
35
-18
-16
27
44
13
-16
-6
42
37
-1
-17
16
47
24
-11
-12
19
32
18
-16
-20
26
35
7
-28
-21
33
45
-10
-49
4
56
14
-33
-34
32
49
-17
-41
9
32
11
-25
-22
15
37
5
-23
-16
24
26
-23
-17
30
31
-9
-32
10
40
6
-41
-12
47
23
-43
-19
26
38
-18
-38
21
42
-14
-54
-12
35
19
-21
-44
-19
25
10
-39
-40
9
17
-20
-51
-20
31
3
-60
-38
16
18
-20
-54
-17
20
-8
-37
-21
1
12
-21
-35
-12
10
8
-17
-25
-7
9
1
-14
-16
1
13
0
-10
0
6
3
-2
-12
-11
0
14
7
-22
-22
7
29
2
-27
-11
11
11
-14
-22
16
6
-16
-21
18
19
-15
-42
5
38
16
-32
-24
36
31
-5
-32
14
46
18
-29
1
52
36
-20
-17
39
55
-1
-32
14
59
38
-11
-34
19
59
19
-18
-7
27
40
-1
-23
9
49
7
-22
-4
12
18
-6
-9
10
16
20
-13
-22
5
18
6
-16
-15
15
25
-4
-29
5
21
3
-6
-7
8
18
6
-1
-11
10
23
-8
-19
9
23
14
-15
-24
15
40
-2
-42
-16
50
21
-41
-37
25
28
-21
-40
-7
13
-2
-20
-26
-19
-1
3
-11
-36
-33
3
12
-13
-46
-29
15
-1
-22
-27
-12
-6
-13
-9
-4
-13
-25
0
22
-7
-40
-29
25
35
-19
-52
-12
40
39
-30
-55
-2
64
32
-52
-51
19
58
21
-50
-42
19
40
9
-41
-42
24
48
-2
-60
-19
33
31
-28
-38
10
31
5
-31
-23
17
40
7
-27
-12
32
25
-5
-19
13
43
13
-22
0
29
36
15
-16
-3
35
37
6
-16
11
38
29
-11
-1
22
18
3
0
10
19
7
4
23
7
-13
-10
26
39
3
-39
-5
47
31
-22
-39
10
50
13
-31
-34
18
61
3
-76
-20
68
48
-42
-61
14
69
21
-67
-32
57
46
-25
-63
19
68
9
-58
-21
50
35
-35
-48
11
41
2
-42
-25
28
20
-30
-41
4
26
-22
-50
-20
22
4
-45
-37
16
16
-31
-55
-18
24
7
-40
-50
-1
34
0
-54
-47
5
47
9
-68
-60
35
58
-3
-77
-31
57
33
-35
-46
2
39
21
-27
-37
11
31
15
-30
-29
16
35
-12
-37
-8
36
21
-31
-39
15
32
-6
-37
-2
36
0
-38
-18
34
16
-36
-31
21
25
-8
-23
3
33
9
-27
-4
23
24
7
-10
0
24
38
13
-24
2
50
31
-17
-15
31
62
9
-38
-13
42
51
-4
-23
-4
26
35
13
-22
-10
25
33
6
-12
-8
18
11
-5
2
7
16
8
-7
-10
20
29
-6
-37
1
52
20
-30
-29
20
45
3
-25
-8
25
18
-10
-7
15
8
-13
6
24
5
-28
-2
38
11
-41
-28
30
46
-23
-59
-2
42
19
-38
-56
0
37
-3
-45
-58
-6
40
3
-59
-53
6
36
-20
-65
-22
37
15
-52
-53
2
30
-10
-40
-30
14
12
-12
-28
-7
10
-7
-21
-4
13
9
-21
-19
3
19
1
-20
-13
22
7
-17
-14
-2
13
3
-15
-15
5
1
-8
-6
-3
5
-1
-15
-14
0
14
-5
-16
-5
11
-4
-11
0
19
4
-25
-12
23
34
-10
-29
3
52
23
-14
-10
28
32
6
-9
7
36
18
-10
10
38
26
4
-9
10
26
21
-8
-1
28
22
8
-10
4
35
11
-12
-19
26
43
14
-22
-22
16
44
3
-32
-21
36
44
1
-49
-14
38
42
-9
-45
-6
44
30
-27
-36
15
43
17
-24
-39
20
58
13
-47
-32
41
56
-20
-54
4
50
19
-35
-25
15
15
-7
-22
-6
3
-9
-6
-12
-16
-14
-8
-20
-18
-5
-13
-28
-22
-6
-8
-16
-25
-10
-3
-16
-41
-14
15
3
-40
-40
11
24
-24
-41
9
29
-18
-44
-20
42
46
-35
-69
-4
62
48
-39
-67
11
68
25
-57
-45
28
58
1
-66
-33
44
43
-34
-61
3
52
4
-37
-30
13
30
-1
-32
-21
15
16
4
-17
-10
21
19
-14
-19
16
20
15
-2
-5
16
25
21
-14
-6
36
36
4
-7
17
36
22
-8
2
24
28
7
-9
15
33
22
-12
-1
34
23
-21
-4
35
36
-26
-38
21
53
5
-47
-15
36
47
-9
-48
-7
46
24
-27
-27
19
33
-11
-38
7
40
13
-39
-28
36
42
-26
-51
15
48
23
-42
-32
35
50
-7
-57
-4
48
22
-25
-33
-2
33
16
-41
-37
27
29
-27
-45
5
9
-19
-24
-19
-1
-12
-17
-6
-11
-25
-26
5
-12
-37
-18
29
4
-45
-38
8
20
3
-47
-33
14
35
-7
-39
-25
15
29
-16
-33
-16
34
22
-18
-36
1
30
1
-12
-19
-9
26
7
-19
-19
4
15
2
-34
-30
8
38
3
-55
-24
29
27
-6
-53
-23
39
36
-29
-53
10
52
19
-40
-37
28
60
9
-46
-24
56
52
-25
-40
23
60
25
-20
-7
40
39
-5
-8
19
29
25
4
4
16
13
3
16
27
-1
-3
18
22
5
-9
7
36
12
-26
-14
29
27
3
-19
-20
13
30
13
-16
-17
4
29
3
-19
-8
2
11
8
10
-8
-14
4
32
-2
-26
-11
37
26
-13
-31
16
41
2
-31
-6
36
27
-23
-33
8
33
5
-36
-18
24
25
-22
-52
3
32
-10
-53
-30
24
17
-42
-56
1
29
-18
-55
-22
32
14
-43
-49
11
32
-5
-60
-36
29
39
-24
-57
-10
40
25
-31
-48
7
42
5
-51
-23
41
26
-32
-36
4
41
4
-34
-19
22
38
-17
-52
-9
47
30
-33
-40
8
38
9
-44
-24
20
21
-12
-15
11
-2
-14
-6
14
20
-15
-25
5
30
14
-11
-4
24
21
8
-15
6
26
33
13
-17
0
46
48
-6
-26
6
54
50
-12
-40
13
73
35
-30
-32
39
58
10
-40
-8
60
32
-23
-20
5
46
39
-30
-40
27
56
5
-48
-18
43
30
-30
-27
14
29
-15
-31
17
29
-20
-14
20
12
-15
-14
3
32
2
-16
5
8
0
-1
3
0
-1
11
-10
-18
1
23
3
-20
-16
23
6
-23
-30
-6
17
-7
-50
-27
27
11
-47
-50
11
20
-18
-49
-22
8
0
-20
-20
-14
2
1
-24
-20
-4
5
-9
-27
-5
14
0
-18
-16
-2
0
9
-1
-26
-10
11
15
-14
-23
2
25
10
-43
-29
40
35
-30
-47
7
51
10
-56
-33
26
34
-12
-31
-13
33
19
-28
-34
12
25
-1
-30
-6
39
22
-39
-34
25
53
0
-42
-12
37
36
2
-18
0
33
32
7
-2
-1
20
36
28
-4
-10
21
37
27
-5
-2
18
26
18
-1
2
13
22
21
8
-15
-2
38
31
-8
-24
4
27
25
-10
-24
-1
31
15
-15
-14
5
24
4
-19
-22
