#8
-327
262
455
-31
-442
-124
419
316
-252
-401
93
466
132
-384
-286
276
429
-57
-440
-101
417
302
-253
-389
99
447
110
-363
-247
266
385
-70
-384
-66
377
246
-234
-325
118
399
90
-328
-221
268
359
-98
-383
-54
380
243
-249
-323
105
379
81
-322
-223
237
330
-80
-366
-78
341
223
-251
-319
99
372
70
-346
-211
256
328
-120
-382
-49
363
220
-266
-346
119
393
54
-371
-217
279
342
-132
-391
-33
379
200
-294
-326
152
407
33
-384
-199
310
328
-163
-397
-10
396
170
-295
-307
169
378
-2
-371
-162
304
298
-177
-371
20
380
146
-315
-283
194
366
-32
-377
-124
332
281
-200
-364
51
399
127
-336
-264
233
393
-50
-394
-92
363
275
-216
-352
71
405
135
-331
-242
251
379
-72
-382
-61
370
252
-238
-330
112
401
91
-339
-214
260
346
-91
-373
-61
366
238
-238
-332
115
393
77
-344
-225
255
357
-81
-375
-72
380
243
-241
-333
106
404
93
-347
-225
273
361
-100
-366
-49
364
227
-250
-320
127
392
64
-335
-193
266
307
-113
-355
-31
351
195
-263
-291
133
359
14
-346
-164
264
268
-148
-321
-8
308
137
-248
-254
133
309
-3
-316
-137
256
234
-158
-299
19
300
103
-254
-221
166
284
-50
-317
-81
276
198
-191
-285
71
314
68
-279
-185
192
270
-80
-298
-59
275
171
-206
-246
88
281
30
-262
-146
193
220
-93
-273
-34
244
137
-189
-228
80
251
32
-253
-143
172
219
-76
-250
-39
231
138
-165
-213
66
244
46
-221
-141
171
223
-68
-250
-27
267
164
-190
-228
113
281
40
-258
-127
222
256
-94
-273
-8
300
156
-202
-222
122
298
29
-272
-115
243
234
-106
-258
11
276
128
-201
-190
136
262
5
-235
-97
203
203
-93
-219
9
243
100
-170
-156
100
228
13
-194
-91
167
186
-73
-196
-7
209
110
-145
-156
101
199
-5
-187
-83
155
168
-68
-202
-20
203
103
-156
-159
81
183
5
-204
-89
161
142
-99
-195
13
178
60
-162
-129
98
162
-39
-185
-50
156
100
-127
-156
49
177
19
-170
-107
112
147
-40
-168
-50
146
109
-98
-164
16
171
52
-147
-116
91
158
-42
-176
-44
159
108
-126
-158
62
166
12
-167
-89
118
138
-64
-187
-22
166
88
-124
-152
47
167
27
-161
-89
117
133
-61
-165
2
161
75
-135
-124
93
160
-15
-142
-27
142
107
-80
-118
43
146
34
-116
-59
95
119
-9
-108
-22
112
94
-44
-101
18
118
56
-80
-91
54
126
22
-122
-58
111
96
-48
-111
3
126
57
-89
-87
58
129
8
-109
-44
107
96
-53
-103
23
117
31
-89
-48
81
89
-31
-71
22
89
26
-66
-37
52
61
-10
-50
-11
50
42
-17
-50
13
55
11
-52
-33
31
39
-4
-52
-19
29
29
-27
-49
-8
40
22
-30
-54
1
43
11
-47
-41
20
40
-21
-61
-8
51
18
-51
-47
19
34
-4
-29
-14
10
-2
-7
-2
3
-14
-7
5
1
-5
-10
3
-5
-4
1
-1
-10
-14
-3
1
7
-8
-3
-12
-7
3
-7
-25
-19
12
17
-12
-38
-14
33
13
-28
-34
11
41
-11
-38
1
43
7
-35
-22
20
55
4
-42
-5
42
35
-3
-24
-2
40
44
-11
-24
4
39
27
-8
-7
21
38
12
-12
-13
19
52
8
-47
-14
43
55
-9
-68
-6
72
43
-42
-56
30
84
9
-68
-27
69
63
-31
-58
8
60
39
-26
-40
19
62
9
-41
-11
47
43
-11
-43
0
66
28
-39
-37
35
58
7
-50
-29
41
47
-7
-45
-10
46
26
-23
-31
-7
31
18
-40
-44
19
36
-3
-51
-31
28
34
-23
-48
-11
35
20
-49
-65
3
78
15
-90
-60
35
65
-18
-65
-42
32
49
-29
-62
2
52
12
-62
-43
40
47
-26
-64
-1
47
19
-41
-37
23
41
-7
-54
-42
29
53
-12
-80
-30
56
51
-50
-89
17
81
10
-97
-54
70
70
-53
-96
2
102
45
-86
-92
41
113
6
-111
-44
88
92
-34
-101
15
110
32
-66
-59
57
102
3
-81
-14
82
57
-38
-57
21
81
28
-50
-22
42
63
-4
-46
-1
53
41
-32
-41
14
67
32
-46
-44
38
71
3
-66
-21
80
69
-40
-99
20
124
46
-86
-77
58
118
-4
-110
-35
109
90
-66
-101
42
136
25
-127
-77
113
127
-53
-145
-2
148
77
-114
-117
70
146
-5
-141
-51
113
93
-66
-120
-2
105
36
-104
-82
44
95
-10
-105
-57
71
77
-46
-116
-18
94
36
-80
-91
19
92
12
-102
-83
64
94
-35
-122
-28
103
60
-77
-107
24
120
20
-112
-70
74
98
-47
-127
4
120
45
-114
-107
64
126
-24
-137
-55
107
90
-69
-128
-4
108
42
-106
-88
54
103
-23
-124
-30
97
74
-66
-113
14
113
46
-108
-84
74
124
-10
-119
-29
109
83
-50
-95
21
123
42
-93
-71
82
115
-25
-114
-7
136
85
-102
-112
73
148
11
-127
-53
106
114
-47
-116
-1
136
66
-104
-83
72
117
-9
-113
-45
107
106
-49
-126
13
134
57
-85
-95
60
133
5
-116
-51
115
116
-57
-129
5
145
68
-103
-112
70
163
4
-150
-64
117
125
-58
-141
5
141
67
-114
-123
68
145
5
-146
-82
107
112
-56
-149
-24
125
72
-98
-126
31
131
12
-128
-77
76
100
-52
-141
-27
109
62
-92
-117
26
119
13
-123
-78
79
107
-54
-122
-12
99
55
-78
-102
30
107
11
-105
-66
71
84
-46
-116
-8
96
50
-98
-95
41
108
-8
-128
-51
102
76
-81
-118
20
116
24
-124
-75
78
95
-39
-121
-13
113
60
-96
-96
52
129
11
-121
-68
106
121
-45
-137
-14
145
93
-84
-120
34
150
33
-122
-71
105
114
-39
-106
-1
129
69
-91
-95
63
135
14
-117
-57
93
108
-27
-114
-14
117
69
-79
-82
41
110
23
-94
-56
76
87
-24
-87
2
98
47
-73
-62
52
97
-2
-94
-30
94
86
-32
-100
-2
96
64
-50
-79
23
96
33
-81
-67
64
94
-23
-100
-17
100
63
-76
-100
27
102
20
-103
-76
72
86
-35
-110
-26
73
46
-63
-88
15
87
5
-100
-58
56
66
-46
-101
-9
94
24
-85
-72
41
82
-11
-95
-31
63
46
-47
-58
1
49
13
-42
-38
23
42
0
-56
-31
25
32
-14
-44
-30
24
35
-34
-65
-3
49
19
-47
-67
4
59
25
-68
-60
36
63
-21
-60
-13
46
28
-41
-45
26
58
-18
-63
-3
71
37
-58
-51
54
85
-15
-81
-8
98
61
-60
-72
56
102
3
-91
-13
97
68
-51
-71
23
101
36
-70
-51
65
76
-11
-64
1
72
41
-37
-50
19
57
28
-34
-39
10
64
37
-37
-54
31
78
4
-65
-24
75
67
-37
-82
17
100
33
-74
-55
76
99
-15
-110
-17
99
81
-50
-94
17
83
28
-54
-46
45
68
-20
-75
-4
80
23
-66
-56
21
55
0
-62
-29
33
18
-31
-33
-10
15
8
-17
-17
-16
-1
2
-24
-27
-3
11
-3
-27
-19
26
14
-38
-41
16
38
8
-36
-44
14
48
-1
-58
-35
27
47
-31
-54
5
35
17
-40
-46
15
37
-8
-42
-29
27
21
-23
-44
-15
18
15
-21
-31
-2
10
2
-15
-13
-2
12
9
-2
-11
-16
13
18
-4
-14
11
23
-7
-11
8
28
7
-9
1
30
11
-19
-10
29
41
-2
-19
6
36
20
-16
-16
35
39
-5
-21
9
23
27
-2
-20
10
39
16
-18
-16
13
29
14
-19
-16
26
36
-11
-39
15
46
18
-27
-20
22
43
-3
-26
-9
33
37
-7
-28
1
43
27
-17
-27
5
38
42
-12
-46
15
52
15
-44
-25
33
50
-12
-50
-16
36
38
-27
-48
7
33
-2
-45
-36
17
31
-14
-53
-23
24
28
-24
-44
-26
27
22
-34
-47
-8
24
7
-28
-33
4
16
-12
-35
4
43
-2
-51
-34
30
57
-25
-76
-21
59
51
-47
-71
1
56
17
-62
-57
28
65
-18
-71
-20
47
26
-48
-59
15
50
3
-68
-31
30
24
-22
-38
4
35
8
-38
-32
15
37
-3
-36
-11
26
34
-9
-30
1
32
15
-13
-17
15
33
15
-16
-15
15
37
18
-16
-9
26
44
8
-25
0
41
24
-5
1
13
11
3
4
10
27
0
-21
13
32
5
-22
-11
27
35
-3
-34
-6
40
28
-14
-22
19
34
4
-21
6
19
3
-7
11
19
-12
0
23
19
-9
-4
23
26
-12
-19
18
49
1
-48
-25
45
51
-20
-61
-7
61
35
-48
-63
14
60
1
-78
-36
43
45
-40
-79
-11
60
26
-62
-61
26
60
-23
-87
-27
62
37
-53
-73
8
66
18
-67
-66
27
66
-8
-73
-27
52
31
-39
-56
-2
51
7
-50
-25
27
22
-18
-34
-29
10
27
-10
-50
-18
49
15
-48
-50
13
53
-8
-64
-40
37
43
-20
-50
-12
31
12
-41
-27
36
33
-31
-55
21
74
9
-72
-32
62
58
-32
-62
17
76
23
-47
-40
27
62
13
-46
-8
56
44
-17
-42
0
59
47
-23
-38
21
62
25
-49
-32
51
66
-14
-57
-12
57
52
-26
-53
4
63
33
-26
-36
21
47
1
-36
-5
40
23
-23
-20
20
48
-3
-44
-1
54
37
-19
-33
13
51
24
-24
-28
23
48
13
-31
-26
11
48
11
-45
-13
38
17
-31
-21
16
15
-1
-26
-24
2
16
-7
-36
-18
14
15
-23
-43
-4
36
-4
-54
-36
26
38
-23
-60
-16
36
27
-28
-61
-2
46
3
-43
-30
23
39
-15
-50
-16
33
20
-26
-39
-5
19
9
-33
-27
6
22
-5
-25
-19
1
18
-2
-31
-34
4
28
-2
-45
-30
20
36
-10
-50
-17
33
20
-26
-40
25
48
-10
-49
-9
38
29
-17
-42
-3
51
27
-37
-33
29
55
7
-41
-12
46
29
-17
-12
34
33
-12
-29
27
59
11
-47
-3
51
47
-18
-41
1
61
36
-21
-40
2
47
34
-30
-46
28
64
12
-50
-31
37
47
2
-38
-10
47
40
-26
-34
21
58
15
-46
-15
53
49
-12
-43
6
62
26
-38
-22
39
45
-4
-27
-5
29
15
-26
-11
9
29
-2
-36
1
32
4
-34
-31
20
20
-19
-48
-7
17
6
-25
-27
7
7
-12
-8
-10
-18
-3
10
-9
-35
-23
19
16
-24
-46
13
50
-15
-64
-13
39
25
-38
-56
5
42
10
-43
-40
11
40
-12
-54
-16
33
16
-37
-31
20
26
-17
-46
-16
26
17
-25
-34
-6
27
-1
-37
-24
17
15
-4
-20
-28
2
23
14
-13
-28
-4
20
16
-18
-14
8
19
13
-8
-18
5
34
12
-6
3
20
21
3
-13
-5
32
36
-2
-23
3
45
29
-7
-23
6
29
36
-8
-29
5
38
20
-4
-25
1
37
17
-24
-22
22
35
9
-25
-26
28
61
-18
-45
8
43
21
-11
-29
7
43
28
-27
-34
21
42
24
-11
-9
13
22
14
4
-2
-1
-11
18
27
-6
-32
-1
30
28
-20
-44
8
50
-3
-56
-20
26
15
-26
-45
0
32
7
-55
-36
27
26
-33
-51
5
33
-4
-45
-18
4
17
-13
-26
-13
7
10
-11
-11
-15
0
8
-1
-23
-9
9
19
-18
-37
-1
32
14
-40
-33
18
38
-16
-47
-18
34
20
-38
-35
21
35
-24
-56
3
42
14
-51
-41
22
41
-7
-52
-21
31
33
-24
-56
-10
56
31
-41
-52
11
60
20
-50
-37
49
52
-10
-43
-3
50
38
-19
-33
19
61
26
-31
-29
30
64
10
-41
-12
43
58
-1
-35
-20
42
55
6
-44
-13
50
35
-35
-33
20
36
12
-19
-9
16
24
-2
-13
7
23
9
-3
0
7
10
4
13
2
6
22
6
-6
10
23
18
-4
-5
15
22
5
-13
1
23
19
-14
-12
5
22
-2
-11
0
6
2
-3
-9
-6
16
4
-30
-35
12
23
-16
-45
-26
37
20
-39
-45
14
34
-4
-46
-18
15
18
-18
-35
-11
14
2
-22
-21
2
11
-2
-26
-13
8
12
-7
-21
-16
2
15
-7
-17
-13
5
9
-5
-29
-10
30
14
-50
-42
26
50
-16
-74
-23
59
46
-53
-69
14
53
6
-61
-41
37
42
-22
-63
-2
64
24
-62
-64
34
70
-10
-55
-14
42
32
-25
-21
15
34
26
-12
-22
18
40
15
-11
-16
22
49
20
-31
-28
43
75
-3
-63
-4
78
40
-49
-48
37
69
6
-70
-20
64
51
-38
-49
15
57
20
-41
-45
19
57
7
-35
-7
40
29
-19
-27
12
45
-1
-19
7
32
17
-7
-12
20
22
9
-20
6
34
2
-29
0
42
2
-29
-15
19
27
-4
-21
-7
3
-3
-5
-7
1
-9
-12
-9
1
1
-5
-24
-1
8
-26
-19
13
9
-31
-33
16
26
-32
-58
-11
47
11
-51
-47
18
42
-13
-62
-12
48
28
-54
-44
22
27
-17
-50
6
49
-3
-59
-25
26
22
-14
-33
-15
20
11
-25
-35
3
22
-1
-23
-29
-13
14
10
-9
-37
-8
18
14
-24
-30
-8
40
15
-45
-43
14
42
12
-41
-13
32
30
-6
-38
-2
46
36
-17
-42
18
62
27
-48
-24
52
55
-20
-41
26
56
11
-40
-12
62
45
-45
-50
41
76
-4
-53
-13
46
37
-16
-24
7
25
21
-13
-13
1
10
23
8
-14
-2
33
20
-22
-9
21
29
-6
-30
8
43
23
-24
-32
25
55
9
-42
-13
48
35
-19
-47
32
57
-11
-65
-10
62
39
-49
-52
13
44
13
-41
-37
12
23
-5
-26
-23
6
7
-8
-29
-12
13
2
-26
-31
4
11
-6
-38
-18
15
20
-27
-34
0
26
-4
-48
-31
24
35
-17
-48
-24
24
25
-22
-38
-4
24
6
-22
-23
3
21
-4
-44
-22
31
18
-35
-35
14
34
-11
-53
-15
32
20
-25
-43
2
38
9
-34
-42
0
46
5
-44
-36
31
34
-20
-38
-6
34
30
-24
-40
8
51
21
-31
-14
29
44
4
-43
-4
55
37
-19
-30
15
44
22
-13
-12
11
37
15
-10
-16
13
25
21
-5
-40
-12
51
40
-21
-49
3
57
42
-31
-45
16
42
35
-24
-31
10
44
16
-14
-6
19
18
-2
-9
5
20
14
-2
1
13
15
6
-3
2
6
2
3
18
-4
-6
-5
7
15
3
-23
-17
9
24
-9
-34
-27
26
20
-31
-48
-6
30
3
-36
-30
4
11
-9
-20
-10
-2
1
-3
-20
-18
-13
-11
-8
-6
-14
-10
2
-12
-29
-13
21
18
-35
-42
8
33
1
-40
-34
18
31
-9
-50
-20
42
32
-45
-61
20
64
-7
-81
-29
64
30
-65
-66
41
54
-34
-73
-6
63
18
-63
-52
30
54
-10
-64
-24
40
30
-28
-41
14
42
-8
-35
-18
32
42
1
-35
-13
47
52
-4
-48
-15
58
53
-17
-46
0
54
43
-17
-37
15
51
13
-34
-5
43
22
-27
-11
20
26
-4
-11
-8
14
33
-4
-16
-7
20
26
8
-18
-29
24
41
2
-16
-3
14
25
2
1
1
4
6
21
4
-9
20
21
4
-12
1
17
19
-2
-18
5
27
6
-27
-1
26
12
-26
-20
9
24
-6
-22
-10
10
1
-17
-20
2
13
-12
-35
-15
17
11
-29
-34
15
17
-35
-49
5
40
4
-53
-43
20
38
-15
-51
-18
22
19
-14
-32
-5
13
-4
-18
-18
3
6
-14
-14
0
8
-11
-20
-3
10
-9
-3
-13
-16
-7
14
11
-21
-46
-9
25
17
-33
-49
4
44
-4
-47
-23
15
34
-20
-38
-1
36
-2
-40
-16
34
27
-22
-31
4
54
30
-44
-34
38
67
7
-48
-5
42
38
-17
-25
9
51
27
-23
-23
36
46
8
-41
-11
48
50
-30
-50
19
55
14
-38
-23
22
44
-2
-38
-1
52
11
-39
-24
48
44
-8
-44
-11
51
49
-25
-40
17
51
12
-25
-12
21
31
2
-16
0
27
27
-2
-32
4
46
12
-28
-10
11
22
-3
-1
-1
-7
10
20
-22
-22
-7
20
9
-25
-18
-6
-1
0
-5
-14
-29
-9
9
1
-26
-22
5
9
-13
-23
-19
-7
1
-6
-17
-7
0
-2
-24
-23
0
19
1
-30
-19
11
28
0
-37
-20
8
23
-13
-35
-8
33
11
-42
-40
6
33
10
-37
-30
14
18
-18
-32
-4
12
-1
-30
-13
5
1
-3
-18
-18
-10
15
20
-13
-36
-13
20
19
-3
-22
-2
20
17
1
-5
11
9
9
2
9
15
3
-2
12
26
8
-9
4
25
25
0
-9
13
15
10
14
-1
-2
7
18
17
5
-10
3
17
-1
-12
4
24
10
-8
-4
1
13
15
4
-23
-5
48
39
-35
-51
28
63
-1
-38
-11
44
35
-18
-30
15
48
16
-29
-21
23
43
-4
-37
4
42
16
-28
-31
21
47
1
-47
-23
38
30
-29
-37
5
20
-4
-30
-8
10
-14
-17
-6
2
-7
-27
-8
8
-14
-22
-8
7
-17
-26
-11
4
-7
-6
-17
-16
5
-13
2
2
-17
-15
1
4
0
-17
-10
5
10
1
-34
-16
28
14
-24
-32
-7
19
9
-27
-42
10
27
1
-44
-30
26
24
-27
-63
-10
49
11
-48
-36
26
34
-7
-42
-17
29
16
-21
-20
19
21
-7
-19
0
19
21
-7
-6
17
24
6
-8
2
10
25
14
-10
-7
18
36
16
-22
-19
25
45
16
-27
-13
41
36
-17
-26
9
44
18
-36
-21
35
40
0
-18
-2
15
9
-1
5
19
17
-25
-9
31
34
-20
-30
23
45
5
-26
-16
35
25
3
-12
-2
21
7
3
7
7
10
4
-9
3
19
1
-16
13
3
1
5
-6
1
1
-9
-5
8
7
-25
-20
12
10
-10
-30
-16
8
6
-23
-27
6
6
-18
-29
-9
17
1
-31
-22
-3
6
6
-17
-33
-8
22
13
-8
-38
-10
11
19
-11
-27
-7
13
7
-20
-21
0
11
-5
-25
-16
13
5
-14
-18
7
5
-19
-28
1
11
-12
-27
-11
19
12
-20
-41
3
33
1
-34
-14
19
29
-8
-41
-14
40
23
-32
-25
23
32
4
-22
-4
30
28
0
-24
6
26
20
1
-6
14
26
6
-14
5
34
23
-4
-12
9
32
20
-12
-18
16
20
16
-18
-2
35
18
-23
-23
31
36
-7
-25
-4
33
23
3
-21
-6
23
33
4
-21
-12
27
20
-3
-5
10
16
-1
1
11
12
1
-3
10
17
-2
-7
9
24
-2
-16
-3
26
18
-16
-26
-7
17
16
-23
-14
7
5
-7
-37
-5
28
-2
-37
-24
15
3
-19
-17
-9
-9
-1
-9
-22
-15
-2
-2
-7
-19
-7
-2
0
-3
-15
-10
15
-2
-31
-17
16
17
-14
-36
-10
39
4
-41
-34
33
27
-42
-52
12
43
-4
-64
-20
41
36
-49
-64
5
53
3
-66
-47
37
49
-26
-62
-6
54
13
-45
-33
27
37
-15
-48
-2
43
27
-35
-34
28
39
-9
-29
12
43
16
-35
-11
42
30
-8
-15
7
29
11
-2
3
7
10
22
18
7
-20
4
38
5
-9
1
27
15
-18
-15
32
40
-14
-43
10
63
18
-58
-33
59
69
-30
-68
9
89
23
-69
-37
60
66
-11
-66
6
67
36
-41
-38
38
53
-5
-51
-5
61
32
-28
-36
7
43
21
-21
-21
-4
27
18
-23
-22
-1
12
3
-10
-21
-8
-3
6
-2
-25
-15
-4
4
-13
-15
-14
4
-10
-24
-18
12
9
-26
-29
-4
16
9
-13
-25
-16
6
17
-3
-18
-15
-5
8
13
-12
-19
-12
-3
10
1
-27
-15
6
4
-7
-20
-9
-6
-8
-9
6
9
-28
-28
2
16
-6
-37
-17
14
15
-15
-28
4
13
3
-15
-8
6
21
-2
-23
-10
26
13
-29
-15
29
37
-13
-16
18
31
-6
-10
23
17
-11
-10
27
33
0
-18
6
31
15
-8
7
20
25
10
-12
-11
16
40
0
-20
1
27
13
-8
-16
5
37
19
-14
-12
20
29
-2
-25
4
19
24
-2
-9
10
15
20
-9
-16
14
34
9
-24
-6
35
34
-10
-36
6
54
24
-35
-28
33
43
-6
-44
-14
48
37
-30
-54
2
59
18
-58
-49
26
38
-12
-51
-28
32
27
-37
-56
-2
47
1
-45
-38
0
25
8
-36
-40
9
34
-10
-41
-25
38
30
-39
-51
0
52
1
-42
-33
33
29
-23
-43
2
27
6
-31
-29
-4
17
-3
-17
-10
-4
-1
-5
-7
-3
-12
-22
-13
11
6
-20
-26
-10
16
4
-30
-21
9
28
2
-44
1
31
20
-30
-24
11
20
-1
-15
-2
10
26
-1
-11
-1
27
18
-1
-3
3
8
21
12
2
-7
4
28
18
-4
0
30
17
-16
-13
39
27
-14
-27
25
49
-3
-47
-5
46
20
-27
-9
31
37
-12
-35
-13
42
40
-29
-35
29
46
3
-37
-4
44
18
-11
-18
13
39
21
-17
-7
23
26
-5
-10
1
21
14
1
-1
3
4
-4
4
14
-2
-20
2
18
9
-23
-31
-15
21
7
-35
-22
11
14
-26
-33
1
24
-3
-50
-27
20
2
-25
-24
-1
10
-5
-25
-19
-2
13
6
-24
-31
-5
29
18
-29
-42
9
37
11
-49
-40
13
39
1
-39
-32
15
26
-16
-51
-8
49
6
-54
-43
40
48
-33
-75
-8
58
12
-64
-39
49
36
-52
-52
25
32
-15
-36
1
29
3
-32
-18
23
15
-27
-14
27
23
-14
-9
21
16
-4
-12
13
27
13
-9
-18
24
39
2
-21
-1
42
31
-9
-24
19
55
15
-31
-20
33
34
-1
-20
17
28
-11
-19
9
26
1
-7
12
11
-8
-3
8
28
10
-21
-10
21
20
5
11
2
2
-2
2
11
18
20
-3
-1
19
16
-3
-9
15
23
10
-18
-3
21
16
-19
-18
28
34
-21
-36
8
31
5
-40
-23
23
9
-26
-18
3
-1
-25
-17
6
5
-20
-24
-16
3
1
-25
-21
6
11
-20
-32
2
13
-6
-15
-17
-11
12
8
-17
-16
-7
-1
0
1
-9
-19
2
16
-18
-35
7
34
-7
-47
-22
18
30
-24
-37
6
18
-4
-16
-11
3
-7
-8
-22
-9
10
11
-19
-28
4
30
-7
-35
-1
31
-7
-33
-8
21
26
-19
-26
13
22
-2
-11
9
23
17
-4
-11
11
23
11
-6
2
15
15
16
9
-5
8
29
17
-4
-1
22
23
0
-12
12
34
-3
-25
-1
35
18
-23
-23
25
36
-3
-32
-11
37
23
-18
-26
17
44
16
-42
-16
45
31
-21
-29
12
49
35
-30
-29
31
50
-4
-39
-1
48
39
-16
-47
0
46
36
-30
-40
22
48
-1
-50
-17
35
33
-26
-52
-6
22
15
-27
-43
-6
28
3
-39
-26
13
13
-13
-32
-19
12
11
-19
-34
-3
21
-3
-30
-10
8
7
-20
-32
2
26
-3
-39
-20
23
19
-22
-31
0
29
1
-43
-15
25
8
-32
-27
11
15
-20
-33
0
42
0
-46
-38
25
44
-18
-69
-16
58
28
-53
-52
32
49
-16
-50
-14
47
29
-44
-41
29
41
-14
-49
5
41
23
-32
-24
31
36
2
-15
8
25
14
-4
-3
11
26
9
-3
1
21
17
17
-2
-13
18
34
15
-13
-11
18
35
2
-32
-3
36
15
-23
-12
23
23
-7
-9
9
30
10
-18
-16
18
41
-5
-29
2
40
27
-15
-23
26
31
18
-13
-12
22
18
3
-2
16
5
-10
5
20
17
-17
-18
32
25
-18
-40
4
26
6
-31
-36
7
32
-3
-39
-18
16
13
-17
-36
-17
11
17
-8
-45
-12
20
14
-26
-29
-7
7
9
-16
-21
-11
4
11
-22
-30
-5
26
3
-36
-12
29
11
-41
-37
20
38
-11
-69
-16
51
28
-52
-52
5
47
13
-55
-37
19
26
-16
-23
-4
22
-7
-45
-7
30
11
-46
-27
32
31
-24
-42
7
41
2
-33
-19
20
24
-10
-26
4
27
10
-12
-13
27
30
-2
-17
6
26
15
-9
-2
7
31
16
-8
5
27
25
0
-5
12
18
13
4
-5
8
8
7
0
5
9
6
-8
-6
12
23
7
-12
-12
20
22
1
-14
2
23
23
-18
-13
27
32
-7
-30
9
48
13
-30
-7
32
36
-4
-22
-4
29
23
-10
-16
5
22
0
-26
5
25
8
-33
-14
22
7
-16
-25
6
0
-16
-8
4
-3
-27
-14
7
6
-14
-14
-3
-1
-5
-13
-25
-10
7
-4
-10
-16
-10
-3
-2
-13
-16
5
2
-3
-9
-8
-2
11
-5
-29
-28
15
18
0
-35
-26
16
13
-22
-32
2
14
7
-29
-20
9
8
-16
-20
-5
10
-7
-34
-13
22
22
-21
-41
-7
26
8
-27
-18
9
20
-7
-17
-5
13
5
-9
-9
16
19
-15
-13
15
30
6
-19
1
32
20
-5
-21
17
34
16
0
-7
5
13
16
8
-2
-4
21
39
1
-40
10
49
11
-47
-9
42
30
-18
-31
8
43
13
-36
-13
36
41
-9
-34
-4
49
21
-12
-24
26
42
-7
-30
3
44
24
-15
1
29
16
-20
-15
22
32
-4
-17
-1
15
11
-4
-2
16
6
-20
-16
29
20
-23
-36
2
32
6
-45
-18
22
-4
-22
-5
9
-11
-34
-3
33
9
-36
-48
6
36
-4
-42
-23
24
24
-23
-44
1
34
3
-38
-22
19
15
-20
-34
-2
30
8
-34
-23
28
28
-37
-39
9
36
-3
-34
-15
0
7
-6
-9
5
-5
-19
-7
14
0
-39
-27
27
26
-31
-34
10
23
-8
-31
-11
27
12
-20
-33
3
45
5
-45
-13
48
26
-16
-20
15
32
13
-9
-7
20
26
13
6
4
1
13
22
23
6
-14
6
40
32
-27
-20
29
43
-2
-30
-5
29
31
-13
-28
20
31
-13
-16
23
29
9
-35
-10
39
41
-7
-36
2
50
20
-22
-5
25
6
-12
11
38
17
-23
-1
41
40
-23
-35
26
51
2
-41
2
51
27
-46
-41
32
55
-7
-58
-31
51
50
-27
-67
-8
42
8
-31
-34
2
21
-5
-38
-18
21
12
-25
-21
5
-2
-19
-12
-8
4
-11
-14
-11
-9
2
12
-20
-23
0
5
14
-9
-28
-11
14
16
-12
-25
-24
18
22
-13
-48
-9
35
15
-27
-30
1
18
-3
-21
-7
9
2
-21
-19
-1
11
-15
-16
2
3
-19
-12
2
9
-7
-15
4
16
-4
-18
-8
14
13
-18
-13
27
28
-19
-13
21
39
-4
-16
3
45
26
-32
-21
38
49
9
-31
-9
41
39
-10
-24
18
37
16
-17
-22
20
36
-1
-29
-3
37
26
-21
-23
11
39
23
-23
-29
13
49
17
-35
-36
36
64
-11
-49
6
58
21
-31
-11
24
30
6
-16
4
23
14
-1
-4
6
15
8
-3
-1
10
5
2
1
1
-6
-1
-3
1
-7
-3
-1
-3
0
-21
-21
7
10
0
-17
-31
-4
15
-7
-29
-23
26
12
-35
-31
11
10
-12
-32
-20
1
18
-3
-36
-35
10
22
17
-26
-38
2
28
6
-25
-22
-3
18
10
-23
-39
-2
49
2
-49
-26
29
21
-29
-35
21
24
-29
-45
6
33
-1
-45
-27
24
7
-17
-30
-4
15
10
-23
-16
9
13
-13
-23
10
28
15
-34
-23
35
32
-15
-17
5
26
21
1
-15
12
22
23
6
-12
0
30
28
-5
-6
13
15
4
13
3
10
17
6
-10
16
16
5
-13
-4
20
26
-12
-21
20
34
-8
-32
12
46
19
-39
-14
37
44
-23
-36
28
62
0
-54
-15
67
49
-31
-47
17
76
18
-49
-33
46
53
-4
-53
-12
42
41
-28
-50
20
60
10
-48
-34
26
46
-16
-56
-18
38
7
-46
-23
32
16
-28
-36
1
11
2
-17
-16
-20
-5
14
-3
-42
-27
17
17
-17
-26
-17
6
15
4
-32
-39
20
40
-9
-55
-17
30
24
-15
-33
-10
22
3
-12
-9
0
-14
-5
7
-4
-23
-10
28
5
-40
-32
9
31
-9
-59
-26
47
29
-46
-60
17
60
-10
-72
-17
65
31
-52
-51
20
58
2
-46
-13
49
35
-26
-31
29
56
7
-45
-6
59
49
-20
-38
8
58
33
-18
-23
20
27
7
-4
5
14
28
12
-18
-18
24
42
0
-29
-4
37
36
-17
-29
13
36
13
-23
-14
23
31
2
-15
8
20
4
-6
4
21
16
-1
-10
18
18
2
3
13
6
1
7
15
10
-16
-10
23
22
-17
-16
16
23
2
-24
-17
21
27
-14
-27
-9
5
3
1
-18
-11
0
3
-12
-27
-13
14
1
-27
-26
7
17
-7
-29
-31
-15
12
3
-17
-23
-4
8
-7
-25
-12
12
10
-17
-26
-12
21
12
-34
-27
12
26
-6
-29
-14
24
6
-38
-23
17
20
-13
-31
-13
18
10
-32
-31
3
19
-11
-28
-16
5
-3
-10
-11
0
-6
-8
-9
6
2
-4
-7
5
4
-5
-2
9
5
-10
-1
18
22
1
-4
5
25
14
6
-4
8
12
18
15
-5
-4
8
23
22
4
-6
2
30
30
-13
-39
16
50
14
-30
-27
32
53
5
-51
-18
50
60
-16
-59
2
56
46
-22
-46
17
57
10
-43
-10
38
38
-17
-34
11
54
26
-34
-22
25
49
11
-39
-8
30
34
-12
-30
8
35
11
-23
-4
6
6
6
-8
-11
6
6
-5
-7
-14
-13
0
-6
-8
-10
-7
-6
-14
-5
-1
-11
-19
-10
-2
-7
-6
-25
-13
3
1
-6
-16
-23
3
4
-23
-24
4
17
5
-23
-15
1
0
-10
-6
13
-7
-30
-8
22
7
-30
-40
16
28
-20
-56
3
50
-5
-61
-34
40
32
-46
-68
15
65
-11
-71
-25
52
38
-46
-55
14
52
9
-48
-24
36
42
-13
-47
0
45
20
-21
-12
25
32
-7
-20
17
42
10
-34
-9
35
41
7
-18
0
25
20
-6
-6
17
19
2
-1
6
12
10
-1
10
9
3
4
1
6
-1
8
14
-4
-10
7
27
5
-27
9
46
9
-29
-7
37
27
-21
-16
21
33
-5
-22
5
35
18
-16
-15
16
35
12
-28
-24
25
41
14
-45
-29
40
44
-23
-46
2
48
18
-45
-46
21
51
-21
-65
-17
38
13
-39
-35
14
19
-5
-29
-14
-7
-8
-2
-8
-13
-22
-2
7
9
-17
-31
-2
11
9
-20
-22
9
16
-5
-26
-16
20
5
-26
-5
15
9
-27
-19
12
15
-10
-18
-6
3
-3
-11
-10
-11
-9
-5
4
-16
-21
-5
4
2
-12
-18
-14
12
3
-9
-30
1
32
1
-31
-19
28
34
-22
-40
1
41
37
-26
-45
17
54
27
-32
-30
35
53
-12
-32
-5
34
44
0
-37
-9
42
45
-12
-36
9
43
6
-27
4
46
22
-31
-20
14
39
7
-18
-17
15
35
4
-26
-18
22
28
7
-20
-10
30
35
-18
-29
7
31
15
-6
-13
9
18
19
2
-11
2
18
21
1
-28
-4
32
24
-15
-28
2
38
12
-24
-28
-2
29
21
-27
-40
-7
23
3
-36
-31
5
2
4
-19
-37
-20
15
10
-17
-40
0
14
-7
-29
-35
9
14
-26
-26
8
14
-22
-35
-9
24
13
-25
-41
-7
30
12
-22
-23
-3
4
-3
-10
-8
-2
-13
-18
11
5
-22
-33
-2
20
6
-33
-47
8
31
-18
-46
-14
32
10
-39
-37
25
39
-26
-50
9
46
5
-48
-32
32
41
-18
-39
-3
46
23
-24
-30
24
39
4
-18
-6
23
29
-3
-13
13
27
10
-1
-5
6
27
19
-2
-14
6
20
13
6
2
6
11
-1
6
7
0
9
18
-3
-9
18
31
-10
-25
7
47
7
-26
1
31
16
-17
-17
27
46
-6
-44
-2
50
24
-10
-24
11
42
19
-33
-6
40
28
-16
-33
17
48
7
-35
-13
26
22
-6
-20
4
15
-10
-16
-4
10
-11
-26
-2
23
-5
-32
-16
25
4
-38
-29
7
19
-8
-48
-18
32
2
-32
-18
6
7
-9
-15
-11
-2
-5
-8
13
-4
-19
-1
15
-3
-26
-16
11
18
-18
-47
-4
45
16
-49
-49
12
39
-8
-60
-21
41
25
-51
-54
12
43
-2
-56
-36
24
32
-22
-45
6
30
-12
-28
-9
27
20
-27
-27
22
17
-8
-19
19
17
-2
-12
5
23
20
-4
-4
3
17
20
5
-3
14
18
1
12
18
13
-8
-1
21
23
0
-11
6
16
26
3
-14
-2
22
21
-6
-17
18
20
-3
-16
2
26
13
-14
-3
12
15
13
6
-20
4
32
10
-18
-27
14
32
23
-8
-19
-2
24
29
0
-9
12
23
6
-5
-10
4
18
4
-16
-4
27
5
-19
-11
10
9
-14
-20
7
7
-36
-18
8
2
-7
-23
-17
4
1
-13
-11
-10
-6
-1
-19
-14
-7
-5
-1
-12
-20
-2
13
-11
-27
-4
17
-1
-5
-7
-11
-9
0
-6
-3
4
-11
-18
2
13
-3
-40
-19
26
30
-33
-57
8
50
12
-61
-47
30
45
-30
-60
-15
49
32
-32
-60
-13
48
35
-40
-61
10
63
11
-54
-40
34
58
-21
-52
0
53
38
-26
-37
5
53
35
-34
-36
35
63
-8
-42
0
51
34
-7
-30
10
55
33
-39
-24
41
51
-7
-35
4
29
32
-11
-21
17
24
0
-18
1
25
11
-11
-5
16
9
-7
-10
7
19
16
-8
-7
26
26
-21
-29
33
41
-6
-24
6
46
24
-32
-20
30
46
-7
-39
-3
48
26
-37
-36
31
39
-1
-33
-8
23
14
-24
-37
-8
17
5
-22
-19
5
-6
-13
-8
-5
-6
-15
-12
-4
5
-7
-18
-5
-1
-9
-17
-16
10
14
-10
-24
-9
14
7
-23
-8
12
-4
-9
-7
-4
4
-14
-16
-8
10
-1
-14
-13
-4
8
-2
-15
-22
-6
8
0
-4
-13
-20
1
16
-2
-46
-21
31
24
-30
-34
12
21
-6
-26
0
27
-5
-39
-12
45
26
-24
-38
14
32
8
-24
-4
36
30
-20
-25
13
47
34
-27
-25
31
54
4
-23
-7
25
37
11
-15
0
33
36
-5
-24
-2
27
31
3
-14
-5
18
30
8
-29
-15
26
31
0
-15
-4
24
23
-12
-19
21
38
-8
-28
12
41
14
-30
-7
30
28
-5
-21
8
44
11
-19
-3
26
16
-6
-7
12
20
-5
-27
14
34
-9
-36
7
40
7
-44
-32
11
33
-1
-50
-32
24
24
-21
-44
-3
24
-3
-28
-17
9
0
-15
-16
-4
-3
-9
-12
-12
6
4
-18
-8
-1
-9
-1
15
-5
-35
-3
23
3
-34
-24
7
22
-8
-38
-24
24
24
-32
-41
13
29
-18
-34
0
22
-8
-37
-17
24
10
-31
-30
2
32
1
-45
-16
30
26
-27
-35
11
35
1
-31
-15
26
16
-14
-13
16
16
2
-13
-1
31
25
-6
-20
6
40
17
-9
-8
12
30
24
-1
-6
5
27
30
4
-17
-6
34
43
-4
-31
-14
37
44
-5
-39
-5
38
29
-14
-26
3
30
4
-5
6
10
3
1
28
5
-19
5
29
25
-15
-22
25
26
7
-12
2
38
20
-20
-23
23
51
12
-37
-9
29
24
-15
-26
5
24
15
-11
-27
-4
28
11
-30
-26
-6
23
3
-29
-27
-3
10
0
-18
-20
-9
6
-1
-2
-24
-7
7
-9
-23
-11
-2
-5
-9
-3
-3
-4
-10
-16
2
2
-11
-9
-3
-15
-11
-1
7
-2
-16
-19
-6
6
1
-32
-22
17
27
-13
-54
-12
46
26
-61
-57
28
57
-20
-78
-19
67
20
-58
-65
25
72
-4
-69
-44
43
64
-17
-74
-14
51
29
-36
-49
23
65
9
-49
-26
38
50
4
-31
-18
32
44
0
-27
-2
45
36
-2
-23
17
42
11
-29
-11
29
40
-2
-32
19
53
1
-36
-13
38
22
-20
-13
13
31
5
-23
-9
23
19
-10
-10
23
29
0
-32
-8
47
37
-20
-42
11
58
18
-25
-19
49
47
-25
-34
21
56
8
-52
-23
48
45
-32
-55
22
66
5
-55
-30
28
37
-18
-49
-20
27
17
-33
-34
-2
8
-3
-17
-26
-9
8
11
-21
-37
-6
26
-6
-28
-26
16
14
-31
-37
-3
35
10
-35
-52
-2
39
16
-46
-29
23
10
-12
-32
-4
10
-5
-21
-3
8
-12
-19
5
13
-21
-35
-3
27
14
-37
-48
0
41
2
-50
-40
24
36
-20
-40
0
27
-2
-31
-4
35
-5
-46
-15
28
34
-18
-31
2
52
14
-31
-28
24
44
8
-21
-11
23
34
3
-18
-2
26
39
2
-21
4
38
37
-8
-29
19
42
10
-13
-7
24
8
-4
-4
8
12
12
-7
-8
3
19
16
-13
-12
22
21
1
-17
-3
32
17
-10
-8
15
17
10
-2
-5
7
19
16
11
3
4
8
7
17
0
3
4
6
15
0
-6
-12
19
22
-14
-24
5
14
3
-18
-17
16
14
-18
-37
-6
21
2
-40
-27
13
23
-9
-39
-18
26
8
-35
-32
11
12
-13
-29
-4
10
-2
-22
-12
5
4
-10
-19
-7
9
8
-20
-16
-3
9
0
-10
-23
3
21
-2
-34
-26
18
35
-18
-43
-16
42
30
-47
-64
15
53
-4
-61
-36
33
46
-31
-62
-2
55
14
-49
-26
31
18
-20
-19
8
6
-7
3
16
-1
-12
9
18
14
2
1
14
10
14
5
3
16
10
3
15
15
5
4
25
28
-2
-15
20
32
-2
-26
6
46
19
-32
-26
25
49
-8
-39
4
36
26
-32
-28
29
54
7
-45
-7
43
30
-17
-20
13
47
8
-38
-3
57
28
-22
-24
28
44
1
-21
-4
32
21
-12
-19
8
27
8
-21
-23
22
36
-15
-35
-3
24
7
-26
-23
12
15
-8
-32
-8
12
14
-33
-34
8
23
-7
-44
-25
23
17
-15
-34
-21
12
14
-12
-29
-13
11
7
-12
-26
-2
18
-5
-32
-18
29
16
-26
-38
0
41
-2
-43
-21
31
13
-43
-38
33
36
-29
-47
5
35
-1
-42
-33
34
26
-39
-49
10
31
6
-37
-43
23
39
-12
-46
-8
27
4
-31
-10
29
25
-15
-38
3
42
24
-25
-7
31
26
-1
-14
15
30
7
-10
7
24
3
7
29
19
-6
-3
23
35
-9
-26
16
39
15
-22
-17
26
33
0
-27
-9
32
25
-14
-14
25
17
-12
-8
24
15
-4
-6
10
19
10
-12
2
27
18
-17
-14
26
33
4
-25
-9
52
40
-25
-44
26
57
15
-40
-11
30
29
-16
-37
6
46
14
-51
-22
27
27
-30
-42
3
36
5
-36
-35
12
24
-2
-38
-28
6
16
-7
-19
-20
7
16
-5
-41
-27
11
10
-21
-23
2
5
-17
-27
-1
19
9
-34
-36
10
32
4
-31
-25
0
20
-3
-18
-14
-3
2
-5
-6
8
-15
-31
8
30
-12
-44
-32
33
35
-30
-55
8
49
-6
-63
-16
42
28
-38
-47
13
37
8
-34
-35
5
44
13
-30
-28
24
39
3
-18
-6
34
26
-3
-21
5
27
25
3
-10
1
21
21
7
5
15
26
9
-4
1
19
24
-3
-18
4
27
14
-17
-10
18
25
2
-13
-3
15
12
-6
5
13
0
5
4
-5
18
30
-3
-17
0
33
24
-11
-15
10
33
14
-21
-7
24
26
-1
-20
3
21
18
-17
-18
8
19
22
-5
-38
-10
24
24
-5
-21
-15
10
10
-17
-29
-10
18
15
-30
-44
4
31
7
-49
-39
6
37
-2
-52
-29
30
22
-27
-50
-14
31
22
-35
-43
3
25
5
-30
-32
11
34
-4
-47
-19
32
13
-21
-32
-4
34
10
-44
-31
22
27
-14
-45
-20
28
23
-26
-34
-7
24
-4
-38
-26
16
20
-11
-24
-15
8
13
3
-16
-22
5
39
1
-34
-28
29
32
-4
-14
6
20
7
9
13
5
5
3
25
23
-6
-11
11
33
16
-8
-6
24
37
13
-23
-12
36
27
-23
-7
22
27
2
-19
-3
22
23
-5
-21
6
27
24
-13
-19
-3
36
45
-11
-35
12
39
19
-23
-13
25
24
-12
-8
28
19
-6
-25
9
44
17
-28
-26
28
41
5
-33
-7
29
19
-19
-16
1
15
1
-4
-8
2
-3
-13
-11
10
-4
-32
-22
11
15
-22
-32
1
10
-18
-30
3
18
-25
-44
-12
16
7
-28
-30
2
11
-3
-38
-16
16
2
-28
-15
18
-2
-30
-5
20
-12
-27
-6
4
-3
-10
-12
3
3
-16
-24
5
16
-9
-34
-2
18
-4
-22
-26
-2
15
-6
-37
-21
21
13
-23
-41
4
30
-6
-43
-12
31
15
-30
-29
28
28
-17
-33
9
43
7
-24
-13
28
35
-1
-26
3
33
26
-22
-9
23
36
11
-15
-3
9
23
16
-9
2
16
14
1
-2
-9
9
19
9
-12
-9
5
16
16
-5
-10
-2
19
10
11
2
-14
-10
28
38
-1
-33
-15
43
45
-15
-44
8
54
32
-43
-31
44
51
-12
-62
-9
86
45
-54
-57
40
57
-11
-52
-16
41
42
-30
-44
14
35
-7
-46
-21
27
21
-27
-41
4
30
-14
-33
-12
12
-8
-24
-11
14
-2
-29
-18
3
-5
-17
-10
-10
-6
-7
3
-13
-28
1
16
-1
-25
-13
12
12
-12
-25
-3
20
-1
-24
-16
3
14
-5
-41
-13
18
18
-15
-33
-1
30
-8
-53
-24
40
9
-57
-34
18
30
-20
-35
-3
21
-4
-15
-13
7
9
-7
-21
6
19
12
-17
-6
33
21
-20
-12
16
33
19
-8
-9
10
28
15
-14
-4
37
23
-9
-10
10
24
24
4
-4
0
28
16
-7
-11
